-0.986277,1.045,0.697611 , 0.697611 , 0
-0.986277,1.135,0.604649 , 0.604649 , 0
-0.986277,1.225,0.539019 , 0.539019 , 0
-0.986277,1.315,0.465673 , 0.465673 , 0
-0.986277,1.405,0.405119 , 0.405119 , 0
-0.986277,1.495,0.367119 , 0.367119 , 0
-0.986277,1.585,0.319134 , 0.319134 , 0
-0.986277,1.675,0.29432 , 0.29432 , 0
-0.986277,1.765,0.263304 , 0.263304 , 0
-0.986277,1.855,0.234142 , 0.234142 , 0
-0.986277,1.945,0.225002 , 0.225002 , 0
-0.986277,2.035,0.204731 , 0.204731 , 0
-0.986277,2.125,0.177725 , 0.177725 , 0
-0.986277,2.215,0.164297 , 0.164297 , 0
-0.986277,2.305,0.162421 , 0.162421 , 0
-0.986277,2.395,0.160293 , 0.160293 , 0
-0.986277,2.485,0.152967 , 0.152967 , 0
-0.986277,2.575,0.142541 , 0.142541 , 0
-0.986277,2.665,0.132372 , 0.132372 , 0
-0.986277,2.755,0.123872 , 0.123872 , 0
-0.986277,2.845,0.116933 , 0.116933 , 0
-0.986277,2.935,0.111099 , 0.111099 , 0
-0.986277,3.025,0.106158 , 0.106158 , 0
-0.986277,3.115,0.101799 , 0.101799 , 0
-0.986277,3.205,0.097577 , 0.097577 , 0
-0.986277,3.295,0.0930371 , 0.0930371 , 0
-0.986277,3.385,0.0878625 , 0.0878625 , 0
-0.986277,3.475,0.0819089 , 0.0819089 , 0
-0.986277,3.565,0.0752792 , 0.0752792 , 0
-0.986277,3.655,0.0682552 , 0.0682552 , 0
-0.986277,3.745,0.0613328 , 0.0613328 , 0
-0.986277,3.835,0.0549498 , 0.0549498 , 0
-0.986277,3.925,0.0494598 , 0.0494598 , 0
-0.986277,4.015,0.0450802 , 0.0450802 , 0
-0.986277,4.105,0.0418886 , 0.0418886 , 0
-0.986277,4.195,0.0398459 , 0.0398459 , 0
-0.986277,4.285,0.0388078 , 0.0388078 , 0
-0.986277,4.375,0.0385711 , 0.0385711 , 0
-0.986277,4.465,0.0389078 , 0.0389078 , 0
-0.986277,4.555,0.0395755 , 0.0395755 , 0
-0.986277,4.645,0.0403906 , 0.0403906 , 0
-0.986277,4.735,0.0411852 , 0.0411852 , 0
-0.986277,4.825,0.0418308 , 0.0418308 , 0
-0.986277,4.915,0.0422384 , 0.0422384 , 0
-0.986277,5.005,0.042355 , 0.042355 , 0
-0.986277,5.095,0.0421555 , 0.0421555 , 0
-0.986277,5.185,0.0416463 , 0.0416463 , 0
-0.986277,5.275,0.0408475 , 0.0408475 , 0
-0.986277,5.365,0.0397908 , 0.0397908 , 0
-0.986277,5.455,0.038516 , 0.038516 , 0
-0.986277,5.545,0.0370662 , 0.0370662 , 0
-0.986277,5.635,0.0354828 , 0.0354828 , 0
-0.986277,5.725,0.0337961 , 0.0337961 , 0
-0.986277,5.815,0.0320599 , 0.0320599 , 0
-0.986277,5.905,0.0303078 , 0.0303078 , 0
-0.986277,5.995,0.0285687 , 0.0285687 , 0
-0.986277,6.085,0.0268664 , 0.0268664 , 0
-0.986277,6.175,0.02522 , 0.02522 , 0
-0.986277,6.265,0.023644 , 0.023644 , 0
-0.986277,6.355,0.0221445 , 0.0221445 , 0
-0.986277,6.445,0.02073 , 0.02073 , 0
-0.986277,6.535,0.0194091 , 0.0194091 , 0
-0.986277,6.625,0.0181831 , 0.0181831 , 0
-0.986277,6.715,0.0170512 , 0.0170512 , 0
-0.986277,6.805,0.0160111 , 0.0160111 , 0
-0.986277,6.895,0.0150593 , 0.0150593 , 0
-0.986277,6.985,0.0141914 , 0.0141914 , 0
-0.986277,7.075,0.0134025 , 0.0134025 , 0
-0.986277,7.165,0.012686 , 0.012686 , 0
-0.986277,7.255,0.0120375 , 0.0120375 , 0
-0.986277,7.345,0.0114514 , 0.0114514 , 0
-0.986277,7.435,0.0109223 , 0.0109223 , 0
-0.986277,7.525,0.010445 , 0.010445 , 0
-0.986277,7.615,0.0100144 , 0.0100144 , 0
-0.986277,7.705,0.00962582 , 0.00962582 , 0
-0.986277,7.795,0.00927486 , 0.00927486 , 0
-0.986277,7.885,0.0089574 , 0.0089574 , 0
-0.986277,7.975,0.00866699 , 0.00866699 , 0
-0.986277,8.065,0.00839823 , 0.00839823 , 0
-0.986277,8.155,0.00815309 , 0.00815309 , 0
-0.986277,8.245,0.00792876 , 0.00792876 , 0
-0.986277,8.335,0.00772271 , 0.00772271 , 0
-0.986277,8.425,0.00753268 , 0.00753268 , 0
-0.986277,8.515,0.00735664 , 0.00735664 , 0
-0.986277,8.605,0.0071928 , 0.0071928 , 0
-0.986277,8.695,0.00703957 , 0.00703957 , 0
-0.986277,8.785,0.00689557 , 0.00689557 , 0
-0.986277,8.875,0.00675955 , 0.00675955 , 0
-0.986277,8.965,0.00663156 , 0.00663156 , 0
-0.986277,9.055,0.0065102 , 0.0065102 , 0
-0.986277,9.145,0.00639386 , 0.00639386 , 0
-0.986277,9.235,0.00628185 , 0.00628185 , 0
-0.986277,9.325,0.00617358 , 0.00617358 , 0
-0.986277,9.415,0.00606857 , 0.00606857 , 0
-0.986277,9.505,0.00596638 , 0.00596638 , 0
-0.986277,9.595,0.00586666 , 0.00586666 , 0
-0.986277,9.685,0.00576912 , 0.00576912 , 0
-0.986277,9.775,0.00567351 , 0.00567351 , 0
-0.986277,9.865,0.00557964 , 0.00557964 , 0
-0.986277,9.955,0.00548732 , 0.00548732 , 0
-0.982633,1.045,0.683928 , 0.683928 , 0
-0.982633,1.135,0.591855 , 0.591855 , 0
-0.982633,1.225,0.528721 , 0.528721 , 0
-0.982633,1.315,0.468007 , 0.468007 , 0
-0.982633,1.405,0.398325 , 0.398325 , 0
-0.982633,1.495,0.366248 , 0.366248 , 0
-0.982633,1.585,0.316876 , 0.316876 , 0
-0.982633,1.675,0.294205 , 0.294205 , 0
-0.982633,1.765,0.259448 , 0.259448 , 0
-0.982633,1.855,0.235554 , 0.235554 , 0
-0.982633,1.945,0.226079 , 0.226079 , 0
-0.982633,2.035,0.202857 , 0.202857 , 0
-0.982633,2.125,0.176732 , 0.176732 , 0
-0.982633,2.215,0.164388 , 0.164388 , 0
-0.982633,2.305,0.16114 , 0.16114 , 0
-0.982633,2.395,0.156988 , 0.156988 , 0
-0.982633,2.485,0.148916 , 0.148916 , 0
-0.982633,2.575,0.139034 , 0.139034 , 0
-0.982633,2.665,0.129822 , 0.129822 , 0
-0.982633,2.755,0.122106 , 0.122106 , 0
-0.982633,2.845,0.115708 , 0.115708 , 0
-0.982633,2.935,0.110329 , 0.110329 , 0
-0.982633,3.025,0.105877 , 0.105877 , 0
-0.982633,3.115,0.102059 , 0.102059 , 0
-0.982633,3.205,0.0983754 , 0.0983754 , 0
-0.982633,3.295,0.0943088 , 0.0943088 , 0
-0.982633,3.385,0.0894993 , 0.0894993 , 0
-0.982633,3.475,0.0837803 , 0.0837803 , 0
-0.982633,3.565,0.0772492 , 0.0772492 , 0
-0.982633,3.655,0.070193 , 0.070193 , 0
-0.982633,3.745,0.0631147 , 0.0631147 , 0
-0.982633,3.835,0.0564657 , 0.0564657 , 0
-0.982633,3.925,0.0506194 , 0.0506194 , 0
-0.982633,4.015,0.0458174 , 0.0458174 , 0
-0.982633,4.105,0.0421664 , 0.0421664 , 0
-0.982633,4.195,0.0396576 , 0.0396576 , 0
-0.982633,4.285,0.038175 , 0.038175 , 0
-0.982633,4.375,0.0375399 , 0.0375399 , 0
-0.982633,4.465,0.0375429 , 0.0375429 , 0
-0.982633,4.555,0.0379538 , 0.0379538 , 0
-0.982633,4.645,0.0385953 , 0.0385953 , 0
-0.982633,4.735,0.0392993 , 0.0392993 , 0
-0.982633,4.825,0.0399327 , 0.0399327 , 0
-0.982633,4.915,0.0403977 , 0.0403977 , 0
-0.982633,5.005,0.0406307 , 0.0406307 , 0
-0.982633,5.095,0.0405928 , 0.0405928 , 0
-0.982633,5.185,0.04028 , 0.04028 , 0
-0.982633,5.275,0.0397003 , 0.0397003 , 0
-0.982633,5.365,0.0388747 , 0.0388747 , 0
-0.982633,5.455,0.0378334 , 0.0378334 , 0
-0.982633,5.545,0.0366114 , 0.0366114 , 0
-0.982633,5.635,0.0352437 , 0.0352437 , 0
-0.982633,5.725,0.0337559 , 0.0337559 , 0
-0.982633,5.815,0.0321981 , 0.0321981 , 0
-0.982633,5.905,0.0306021 , 0.0306021 , 0
-0.982633,5.995,0.0289959 , 0.0289959 , 0
-0.982633,6.085,0.0274032 , 0.0274032 , 0
-0.982633,6.175,0.0258437 , 0.0258437 , 0
-0.982633,6.265,0.0243334 , 0.0243334 , 0
-0.982633,6.355,0.0228794 , 0.0228794 , 0
-0.982633,6.445,0.0214922 , 0.0214922 , 0
-0.982633,6.535,0.0201826 , 0.0201826 , 0
-0.982633,6.625,0.0189541 , 0.0189541 , 0
-0.982633,6.715,0.0178078 , 0.0178078 , 0
-0.982633,6.805,0.0167435 , 0.0167435 , 0
-0.982633,6.895,0.0157594 , 0.0157594 , 0
-0.982633,6.985,0.0148529 , 0.0148529 , 0
-0.982633,7.075,0.0140205 , 0.0140205 , 0
-0.982633,7.165,0.0132573 , 0.0132573 , 0
-0.982633,7.255,0.0125597 , 0.0125597 , 0
-0.982633,7.345,0.0119233 , 0.0119233 , 0
-0.982633,7.435,0.0113436 , 0.0113436 , 0
-0.982633,7.525,0.0108161 , 0.0108161 , 0
-0.982633,7.615,0.0103364 , 0.0103364 , 0
-0.982633,7.705,0.00990017 , 0.00990017 , 0
-0.982633,7.795,0.00950352 , 0.00950352 , 0
-0.982633,7.885,0.00914261 , 0.00914261 , 0
-0.982633,7.975,0.00881127 , 0.00881127 , 0
-0.982633,8.065,0.00850425 , 0.00850425 , 0
-0.982633,8.155,0.00822346 , 0.00822346 , 0
-0.982633,8.245,0.00796616 , 0.00796616 , 0
-0.982633,8.335,0.00772983 , 0.00772983 , 0
-0.982633,8.425,0.00751216 , 0.00751216 , 0
-0.982633,8.515,0.00731109 , 0.00731109 , 0
-0.982633,8.605,0.00712474 , 0.00712474 , 0
-0.982633,8.695,0.00695142 , 0.00695142 , 0
-0.982633,8.785,0.00678963 , 0.00678963 , 0
-0.982633,8.875,0.00663803 , 0.00663803 , 0
-0.982633,8.965,0.00649659 , 0.00649659 , 0
-0.982633,9.055,0.00636378 , 0.00636378 , 0
-0.982633,9.145,0.0062378 , 0.0062378 , 0
-0.982633,9.235,0.00611783 , 0.00611783 , 0
-0.982633,9.325,0.00600316 , 0.00600316 , 0
-0.982633,9.415,0.00589316 , 0.00589316 , 0
-0.982633,9.505,0.00578727 , 0.00578727 , 0
-0.982633,9.595,0.00568503 , 0.00568503 , 0
-0.982633,9.685,0.00558604 , 0.00558604 , 0
-0.982633,9.775,0.00548993 , 0.00548993 , 0
-0.982633,9.865,0.0053964 , 0.0053964 , 0
-0.982633,9.955,0.0053052 , 0.0053052 , 0
-0.978989,1.045,0.67178 , 0.67178 , 0
-0.978989,1.135,0.582171 , 0.582171 , 0
-0.978989,1.225,0.5165 , 0.5165 , 0
-0.978989,1.315,0.467932 , 0.467932 , 0
-0.978989,1.405,0.393621 , 0.393621 , 0
-0.978989,1.495,0.363743 , 0.363743 , 0
-0.978989,1.585,0.314866 , 0.314866 , 0
-0.978989,1.675,0.293244 , 0.293244 , 0
-0.978989,1.765,0.256282 , 0.256282 , 0
-0.978989,1.855,0.237382 , 0.237382 , 0
-0.978989,1.945,0.226395 , 0.226395 , 0
-0.978989,2.035,0.200634 , 0.200634 , 0
-0.978989,2.125,0.175829 , 0.175829 , 0
-0.978989,2.215,0.164353 , 0.164353 , 0
-0.978989,2.305,0.159602 , 0.159602 , 0
-0.978989,2.395,0.153656 , 0.153656 , 0
-0.978989,2.485,0.145116 , 0.145116 , 0
-0.978989,2.575,0.135857 , 0.135857 , 0
-0.978989,2.665,0.12752 , 0.12752 , 0
-0.978989,2.755,0.120481 , 0.120481 , 0
-0.978989,2.845,0.114568 , 0.114568 , 0
-0.978989,2.935,0.109625 , 0.109625 , 0
-0.978989,3.025,0.105633 , 0.105633 , 0
-0.978989,3.115,0.102286 , 0.102286 , 0
-0.978989,3.205,0.0990353 , 0.0990353 , 0
-0.978989,3.295,0.0953298 , 0.0953298 , 0
-0.978989,3.385,0.0907988 , 0.0907988 , 0
-0.978989,3.475,0.0852772 , 0.0852772 , 0
-0.978989,3.565,0.0788653 , 0.0788653 , 0
-0.978989,3.655,0.0718485 , 0.0718485 , 0
-0.978989,3.745,0.0647221 , 0.0647221 , 0
-0.978989,3.835,0.0579316 , 0.0579316 , 0
-0.978989,3.925,0.051851 , 0.051851 , 0
-0.978989,4.015,0.0467316 , 0.0467316 , 0
-0.978989,4.105,0.0426988 , 0.0426988 , 0
-0.978989,4.195,0.0397697 , 0.0397697 , 0
-0.978989,4.285,0.0378563 , 0.0378563 , 0
-0.978989,4.375,0.0368071 , 0.0368071 , 0
-0.978989,4.465,0.0364368 , 0.0364368 , 0
-0.978989,4.555,0.0365333 , 0.0365333 , 0
-0.978989,4.645,0.0369318 , 0.0369318 , 0
-0.978989,4.735,0.0374705 , 0.0374705 , 0
-0.978989,4.825,0.0380161 , 0.0380161 , 0
-0.978989,4.915,0.0384668 , 0.0384668 , 0
-0.978989,5.005,0.0387509 , 0.0387509 , 0
-0.978989,5.095,0.0388182 , 0.0388182 , 0
-0.978989,5.185,0.0386553 , 0.0386553 , 0
-0.978989,5.275,0.0382587 , 0.0382587 , 0
-0.978989,5.365,0.0376385 , 0.0376385 , 0
-0.978989,5.455,0.0368148 , 0.0368148 , 0
-0.978989,5.545,0.0358138 , 0.0358138 , 0
-0.978989,5.635,0.0346632 , 0.0346632 , 0
-0.978989,5.725,0.0333825 , 0.0333825 , 0
-0.978989,5.815,0.0320171 , 0.0320171 , 0
-0.978989,5.905,0.0305956 , 0.0305956 , 0
-0.978989,5.995,0.029144 , 0.029144 , 0
-0.978989,6.085,0.0276852 , 0.0276852 , 0
-0.978989,6.175,0.0262385 , 0.0262385 , 0
-0.978989,6.265,0.0248203 , 0.0248203 , 0
-0.978989,6.355,0.0234387 , 0.0234387 , 0
-0.978989,6.445,0.0221051 , 0.0221051 , 0
-0.978989,6.535,0.0208324 , 0.0208324 , 0
-0.978989,6.625,0.0196256 , 0.0196256 , 0
-0.978989,6.715,0.0184878 , 0.0184878 , 0
-0.978989,6.805,0.0174204 , 0.0174204 , 0
-0.978989,6.895,0.0164235 , 0.0164235 , 0
-0.978989,6.985,0.015496 , 0.015496 , 0
-0.978989,7.075,0.0146359 , 0.0146359 , 0
-0.978989,7.165,0.0138401 , 0.0138401 , 0
-0.978989,7.255,0.0131058 , 0.0131058 , 0
-0.978989,7.345,0.0124299 , 0.0124299 , 0
-0.978989,7.435,0.0118088 , 0.0118088 , 0
-0.978989,7.525,0.0112388 , 0.0112388 , 0
-0.978989,7.615,0.0107163 , 0.0107163 , 0
-0.978989,7.705,0.0102376 , 0.0102376 , 0
-0.978989,7.795,0.00979927 , 0.00979927 , 0
-0.978989,7.885,0.00939791 , 0.00939791 , 0
-0.978989,7.975,0.00902776 , 0.00902776 , 0
-0.978989,8.065,0.00868382 , 0.00868382 , 0
-0.978989,8.155,0.00836802 , 0.00836802 , 0
-0.978989,8.245,0.00807775 , 0.00807775 , 0
-0.978989,8.335,0.00781056 , 0.00781056 , 0
-0.978989,8.425,0.00756423 , 0.00756423 , 0
-0.978989,8.515,0.00733668 , 0.00733668 , 0
-0.978989,8.605,0.00712603 , 0.00712603 , 0
-0.978989,8.695,0.00693055 , 0.00693055 , 0
-0.978989,8.785,0.00674868 , 0.00674868 , 0
-0.978989,8.875,0.00657901 , 0.00657901 , 0
-0.978989,8.965,0.00642145 , 0.00642145 , 0
-0.978989,9.055,0.00627441 , 0.00627441 , 0
-0.978989,9.145,0.00613594 , 0.00613594 , 0
-0.978989,9.235,0.00600514 , 0.00600514 , 0
-0.978989,9.325,0.00588116 , 0.00588116 , 0
-0.978989,9.415,0.00576328 , 0.00576328 , 0
-0.978989,9.505,0.00565085 , 0.00565085 , 0
-0.978989,9.595,0.00554328 , 0.00554328 , 0
-0.978989,9.685,0.00544007 , 0.00544007 , 0
-0.978989,9.775,0.00534078 , 0.00534078 , 0
-0.978989,9.865,0.00524499 , 0.00524499 , 0
-0.978989,9.955,0.00515238 , 0.00515238 , 0
-0.975344,1.045,0.666775 , 0.666775 , 0
-0.975344,1.135,0.577263 , 0.577263 , 0
-0.975344,1.225,0.506451 , 0.506451 , 0
-0.975344,1.315,0.466911 , 0.466911 , 0
-0.975344,1.405,0.391633 , 0.391633 , 0
-0.975344,1.495,0.360783 , 0.360783 , 0
-0.975344,1.585,0.314191 , 0.314191 , 0
-0.975344,1.675,0.292281 , 0.292281 , 0
-0.975344,1.765,0.254325 , 0.254325 , 0
-0.975344,1.855,0.238411 , 0.238411 , 0
-0.975344,1.945,0.225145 , 0.225145 , 0
-0.975344,2.035,0.197915 , 0.197915 , 0
-0.975344,2.125,0.174962 , 0.174962 , 0
-0.975344,2.215,0.164668 , 0.164668 , 0
-0.975344,2.305,0.159182 , 0.159182 , 0
-0.975344,2.395,0.15223 , 0.15223 , 0
-0.975344,2.485,0.143502 , 0.143502 , 0
-0.975344,2.575,0.134671 , 0.134671 , 0
-0.975344,2.665,0.126852 , 0.126852 , 0
-0.975344,2.755,0.120202 , 0.120202 , 0
-0.975344,2.845,0.114589 , 0.114589 , 0
-0.975344,2.935,0.109939 , 0.109939 , 0
-0.975344,3.025,0.106244 , 0.106244 , 0
-0.975344,3.115,0.103159 , 0.103159 , 0
-0.975344,3.205,0.100098 , 0.100098 , 0
-0.975344,3.295,0.0965 , 0.0965 , 0
-0.975344,3.385,0.0920135 , 0.0920135 , 0
-0.975344,3.475,0.0864981 , 0.0864981 , 0
-0.975344,3.565,0.0800715 , 0.0800715 , 0
-0.975344,3.655,0.0730246 , 0.0730246 , 0
-0.975344,3.745,0.0658444 , 0.0658444 , 0
-0.975344,3.835,0.0589648 , 0.0589648 , 0
-0.975344,3.925,0.0527502 , 0.0527502 , 0
-0.975344,4.015,0.047448 , 0.047448 , 0
-0.975344,4.105,0.0431883 , 0.0431883 , 0
-0.975344,4.195,0.0399996 , 0.0399996 , 0
-0.975344,4.285,0.0378093 , 0.0378093 , 0
-0.975344,4.375,0.0364835 , 0.0364835 , 0
-0.975344,4.465,0.0358535 , 0.0358535 , 0
-0.975344,4.555,0.0357211 , 0.0357211 , 0
-0.975344,4.645,0.0359324 , 0.0359324 , 0
-0.975344,4.735,0.0363318 , 0.0363318 , 0
-0.975344,4.825,0.0367888 , 0.0367888 , 0
-0.975344,4.915,0.0372006 , 0.0372006 , 0
-0.975344,5.005,0.0374919 , 0.0374919 , 0
-0.975344,5.095,0.0376061 , 0.0376061 , 0
-0.975344,5.185,0.0375238 , 0.0375238 , 0
-0.975344,5.275,0.0372347 , 0.0372347 , 0
-0.975344,5.365,0.0367414 , 0.0367414 , 0
-0.975344,5.455,0.0360571 , 0.0360571 , 0
-0.975344,5.545,0.0352017 , 0.0352017 , 0
-0.975344,5.635,0.0341975 , 0.0341975 , 0
-0.975344,5.725,0.0330595 , 0.0330595 , 0
-0.975344,5.815,0.0318294 , 0.0318294 , 0
-0.975344,5.905,0.0305332 , 0.0305332 , 0
-0.975344,5.995,0.0291948 , 0.0291948 , 0
-0.975344,6.085,0.0278361 , 0.0278361 , 0
-0.975344,6.175,0.0264759 , 0.0264759 , 0
-0.975344,6.265,0.0251305 , 0.0251305 , 0
-0.975344,6.355,0.023808 , 0.023808 , 0
-0.975344,6.445,0.0225207 , 0.0225207 , 0
-0.975344,6.535,0.0212824 , 0.0212824 , 0
-0.975344,6.625,0.020099 , 0.020099 , 0
-0.975344,6.715,0.0189749 , 0.0189749 , 0
-0.975344,6.805,0.0179126 , 0.0179126 , 0
-0.975344,6.895,0.0169133 , 0.0169133 , 0
-0.975344,6.985,0.0159769 , 0.0159769 , 0
-0.975344,7.075,0.0151027 , 0.0151027 , 0
-0.975344,7.165,0.0142884 , 0.0142884 , 0
-0.975344,7.255,0.0135322 , 0.0135322 , 0
-0.975344,7.345,0.0128317 , 0.0128317 , 0
-0.975344,7.435,0.012184 , 0.012184 , 0
-0.975344,7.525,0.0115861 , 0.0115861 , 0
-0.975344,7.615,0.0110348 , 0.0110348 , 0
-0.975344,7.705,0.0105271 , 0.0105271 , 0
-0.975344,7.795,0.0100599 , 0.0100599 , 0
-0.975344,7.885,0.00963 , 0.00963 , 0
-0.975344,7.975,0.00923215 , 0.00923215 , 0
-0.975344,8.065,0.00886155 , 0.00886155 , 0
-0.975344,8.155,0.00852012 , 0.00852012 , 0
-0.975344,8.245,0.0082054 , 0.0082054 , 0
-0.975344,8.335,0.00791504 , 0.00791504 , 0
-0.975344,8.425,0.00764689 , 0.00764689 , 0
-0.975344,8.515,0.00739891 , 0.00739891 , 0
-0.975344,8.605,0.00716925 , 0.00716925 , 0
-0.975344,8.695,0.00695617 , 0.00695617 , 0
-0.975344,8.785,0.00675811 , 0.00675811 , 0
-0.975344,8.875,0.0065736 , 0.0065736 , 0
-0.975344,8.965,0.00640254 , 0.00640254 , 0
-0.975344,9.055,0.0062433 , 0.0062433 , 0
-0.975344,9.145,0.00609389 , 0.00609389 , 0
-0.975344,9.235,0.00595332 , 0.00595332 , 0
-0.975344,9.325,0.0058207 , 0.0058207 , 0
-0.975344,9.415,0.00569523 , 0.00569523 , 0
-0.975344,9.505,0.00557618 , 0.00557618 , 0
-0.975344,9.595,0.00546293 , 0.00546293 , 0
-0.975344,9.685,0.00535489 , 0.00535489 , 0
-0.975344,9.775,0.00525155 , 0.00525155 , 0
-0.975344,9.865,0.00515245 , 0.00515245 , 0
-0.975344,9.955,0.00505718 , 0.00505718 , 0
-0.9717,1.045,0.664873 , 0.664873 , 0
-0.9717,1.135,0.575017 , 0.575017 , 0
-0.9717,1.225,0.497041 , 0.497041 , 0
-0.9717,1.315,0.464266 , 0.464266 , 0
-0.9717,1.405,0.390702 , 0.390702 , 0
-0.9717,1.495,0.357254 , 0.357254 , 0
-0.9717,1.585,0.313993 , 0.313993 , 0
-0.9717,1.675,0.290813 , 0.290813 , 0
-0.9717,1.765,0.252814 , 0.252814 , 0
-0.9717,1.855,0.23932 , 0.23932 , 0
-0.9717,1.945,0.223489 , 0.223489 , 0
-0.9717,2.035,0.195349 , 0.195349 , 0
-0.9717,2.125,0.174316 , 0.174316 , 0
-0.9717,2.215,0.164879 , 0.164879 , 0
-0.9717,2.305,0.158563 , 0.158563 , 0
-0.9717,2.395,0.150761 , 0.150761 , 0
-0.9717,2.485,0.141987 , 0.141987 , 0
-0.9717,2.575,0.133612 , 0.133612 , 0
-0.9717,2.665,0.126288 , 0.126288 , 0
-0.9717,2.755,0.120015 , 0.120015 , 0
-0.9717,2.845,0.114713 , 0.114713 , 0
-0.9717,2.935,0.110356 , 0.110356 , 0
-0.9717,3.025,0.106925 , 0.106925 , 0
-0.9717,3.115,0.104034 , 0.104034 , 0
-0.9717,3.205,0.101079 , 0.101079 , 0
-0.9717,3.295,0.0975144 , 0.0975144 , 0
-0.9717,3.385,0.093025 , 0.093025 , 0
-0.9717,3.475,0.0875028 , 0.0875028 , 0
-0.9717,3.565,0.0810814 , 0.0810814 , 0
-0.9717,3.655,0.0740487 , 0.0740487 , 0
-0.9717,3.745,0.0668731 , 0.0668731 , 0
-0.9717,3.835,0.0599665 , 0.0599665 , 0
-0.9717,3.925,0.0536753 , 0.0536753 , 0
-0.9717,4.015,0.0482376 , 0.0482376 , 0
-0.9717,4.105,0.0437846 , 0.0437846 , 0
-0.9717,4.195,0.0403555 , 0.0403555 , 0
-0.9717,4.285,0.0378943 , 0.0378943 , 0
-0.9717,4.375,0.0362858 , 0.0362858 , 0
-0.9717,4.465,0.0353807 , 0.0353807 , 0
-0.9717,4.555,0.0349971 , 0.0349971 , 0
-0.9717,4.645,0.0349942 , 0.0349942 , 0
-0.9717,4.735,0.0352254 , 0.0352254 , 0
-0.9717,4.825,0.0355644 , 0.0355644 , 0
-0.9717,4.915,0.0359089 , 0.0359089 , 0
-0.9717,5.005,0.0361814 , 0.0361814 , 0
-0.9717,5.095,0.0363192 , 0.0363192 , 0
-0.9717,5.185,0.0362981 , 0.0362981 , 0
-0.9717,5.275,0.0361006 , 0.0361006 , 0
-0.9717,5.365,0.0357222 , 0.0357222 , 0
-0.9717,5.455,0.0351689 , 0.0351689 , 0
-0.9717,5.545,0.0344542 , 0.0344542 , 0
-0.9717,5.635,0.0335948 , 0.0335948 , 0
-0.9717,5.725,0.0326008 , 0.0326008 , 0
-0.9717,5.815,0.0315097 , 0.0315097 , 0
-0.9717,5.905,0.0303444 , 0.0303444 , 0
-0.9717,5.995,0.0291266 , 0.0291266 , 0
-0.9717,6.085,0.0278766 , 0.0278766 , 0
-0.9717,6.175,0.0266124 , 0.0266124 , 0
-0.9717,6.265,0.0253499 , 0.0253499 , 0
-0.9717,6.355,0.0240971 , 0.0240971 , 0
-0.9717,6.445,0.0228667 , 0.0228667 , 0
-0.9717,6.535,0.0216733 , 0.0216733 , 0
-0.9717,6.625,0.0205237 , 0.0205237 , 0
-0.9717,6.715,0.0194232 , 0.0194232 , 0
-0.9717,6.805,0.0183753 , 0.0183753 , 0
-0.9717,6.895,0.0173824 , 0.0173824 , 0
-0.9717,6.985,0.0164454 , 0.0164454 , 0
-0.9717,7.075,0.0155646 , 0.0155646 , 0
-0.9717,7.165,0.0147387 , 0.0147387 , 0
-0.9717,7.255,0.0139668 , 0.0139668 , 0
-0.9717,7.345,0.0132472 , 0.0132472 , 0
-0.9717,7.435,0.0125778 , 0.0125778 , 0
-0.9717,7.525,0.0119562 , 0.0119562 , 0
-0.9717,7.615,0.0113799 , 0.0113799 , 0
-0.9717,7.705,0.0108464 , 0.0108464 , 0
-0.9717,7.795,0.0103528 , 0.0103528 , 0
-0.9717,7.885,0.00989653 , 0.00989653 , 0
-0.9717,7.975,0.00947266 , 0.00947266 , 0
-0.9717,8.065,0.0090767 , 0.0090767 , 0
-0.9717,8.155,0.00871059 , 0.00871059 , 0
-0.9717,8.245,0.00837201 , 0.00837201 , 0
-0.9717,8.335,0.00805879 , 0.00805879 , 0
-0.9717,8.425,0.00776885 , 0.00776885 , 0
-0.9717,8.515,0.00750023 , 0.00750023 , 0
-0.9717,8.605,0.00725114 , 0.00725114 , 0
-0.9717,8.695,0.00701986 , 0.00701986 , 0
-0.9717,8.785,0.00680483 , 0.00680483 , 0
-0.9717,8.875,0.0066046 , 0.0066046 , 0
-0.9717,8.965,0.00641902 , 0.00641902 , 0
-0.9717,9.055,0.00624646 , 0.00624646 , 0
-0.9717,9.145,0.0060849 , 0.0060849 , 0
-0.9717,9.235,0.00593331 , 0.00593331 , 0
-0.9717,9.325,0.00579074 , 0.00579074 , 0
-0.9717,9.415,0.00565635 , 0.00565635 , 0
-0.9717,9.505,0.00552935 , 0.00552935 , 0
-0.9717,9.595,0.00540906 , 0.00540906 , 0
-0.9717,9.685,0.00529483 , 0.00529483 , 0
-0.9717,9.775,0.0051861 , 0.0051861 , 0
-0.9717,9.865,0.00508235 , 0.00508235 , 0
-0.9717,9.955,0.00498314 , 0.00498314 , 0
-0.968056,1.045,0.665959 , 0.665959 , 0
-0.968056,1.135,0.575106 , 0.575106 , 0
-0.968056,1.225,0.489108 , 0.489108 , 0
-0.968056,1.315,0.460218 , 0.460218 , 0
-0.968056,1.405,0.390601 , 0.390601 , 0
-0.968056,1.495,0.353549 , 0.353549 , 0
-0.968056,1.585,0.314142 , 0.314142 , 0
-0.968056,1.675,0.288985 , 0.288985 , 0
-0.968056,1.765,0.251811 , 0.251811 , 0
-0.968056,1.855,0.240011 , 0.240011 , 0
-0.968056,1.945,0.221511 , 0.221511 , 0
-0.968056,2.035,0.193005 , 0.193005 , 0
-0.968056,2.125,0.173852 , 0.173852 , 0
-0.968056,2.215,0.164977 , 0.164977 , 0
-0.968056,2.305,0.157814 , 0.157814 , 0
-0.968056,2.395,0.149334 , 0.149334 , 0
-0.968056,2.485,0.140626 , 0.140626 , 0
-0.968056,2.575,0.132715 , 0.132715 , 0
-0.968056,2.665,0.125862 , 0.125862 , 0
-0.968056,2.755,0.119966 , 0.119966 , 0
-0.968056,2.845,0.114981 , 0.114981 , 0
-0.968056,2.935,0.1109 , 0.1109 , 0
-0.968056,3.025,0.107675 , 0.107675 , 0
-0.968056,3.115,0.104891 , 0.104891 , 0
-0.968056,3.205,0.101947 , 0.101947 , 0
-0.968056,3.295,0.0983399 , 0.0983399 , 0
-0.968056,3.385,0.0938044 , 0.0938044 , 0
-0.968056,3.475,0.0882689 , 0.0882689 , 0
-0.968056,3.565,0.081878 , 0.081878 , 0
-0.968056,3.655,0.0749072 , 0.0749072 , 0
-0.968056,3.745,0.067796 , 0.067796 , 0
-0.968056,3.835,0.0609246 , 0.0609246 , 0
-0.968056,3.925,0.0546142 , 0.0546142 , 0
-0.968056,4.015,0.0490887 , 0.0490887 , 0
-0.968056,4.105,0.0444783 , 0.0444783 , 0
-0.968056,4.195,0.0408321 , 0.0408321 , 0
-0.968056,4.285,0.0381107 , 0.0381107 , 0
-0.968056,4.375,0.0362198 , 0.0362198 , 0
-0.968056,4.465,0.0350305 , 0.0350305 , 0
-0.968056,4.555,0.0343798 , 0.0343798 , 0
-0.968056,4.645,0.0341419 , 0.0341419 , 0
-0.968056,4.735,0.0341807 , 0.0341807 , 0
-0.968056,4.825,0.0343759 , 0.0343759 , 0
-0.968056,4.915,0.0346274 , 0.0346274 , 0
-0.968056,5.005,0.0348561 , 0.0348561 , 0
-0.968056,5.095,0.0349945 , 0.0349945 , 0
-0.968056,5.185,0.0350139 , 0.0350139 , 0
-0.968056,5.275,0.0348901 , 0.0348901 , 0
-0.968056,5.365,0.0346118 , 0.0346118 , 0
-0.968056,5.455,0.034178 , 0.034178 , 0
-0.968056,5.545,0.0335957 , 0.0335957 , 0
-0.968056,5.635,0.0328756 , 0.0328756 , 0
-0.968056,5.725,0.0320231 , 0.0320231 , 0
-0.968056,5.815,0.0310709 , 0.0310709 , 0
-0.968056,5.905,0.0300385 , 0.0300385 , 0
-0.968056,5.995,0.0289453 , 0.0289453 , 0
-0.968056,6.085,0.0278095 , 0.0278095 , 0
-0.968056,6.175,0.0266481 , 0.0266481 , 0
-0.968056,6.265,0.0254761 , 0.0254761 , 0
-0.968056,6.355,0.0243016 , 0.0243016 , 0
-0.968056,6.445,0.0231371 , 0.0231371 , 0
-0.968056,6.535,0.0219977 , 0.0219977 , 0
-0.968056,6.625,0.0208911 , 0.0208911 , 0
-0.968056,6.715,0.0198233 , 0.0198233 , 0
-0.968056,6.805,0.0187987 , 0.0187987 , 0
-0.968056,6.895,0.0178207 , 0.0178207 , 0
-0.968056,6.985,0.0168913 , 0.0168913 , 0
-0.968056,7.075,0.0160115 , 0.0160115 , 0
-0.968056,7.165,0.0151811 , 0.0151811 , 0
-0.968056,7.255,0.0144001 , 0.0144001 , 0
-0.968056,7.345,0.0136674 , 0.0136674 , 0
-0.968056,7.435,0.0129818 , 0.0129818 , 0
-0.968056,7.525,0.0123414 , 0.0123414 , 0
-0.968056,7.615,0.0117444 , 0.0117444 , 0
-0.968056,7.705,0.0111887 , 0.0111887 , 0
-0.968056,7.795,0.0106721 , 0.0106721 , 0
-0.968056,7.885,0.0101923 , 0.0101923 , 0
-0.968056,7.975,0.00974471 , 0.00974471 , 0
-0.968056,8.065,0.00932535 , 0.00932535 , 0
-0.968056,8.155,0.00893612 , 0.00893612 , 0
-0.968056,8.245,0.00857491 , 0.00857491 , 0
-0.968056,8.335,0.00823969 , 0.00823969 , 0
-0.968056,8.425,0.00792854 , 0.00792854 , 0
-0.968056,8.515,0.0076396 , 0.0076396 , 0
-0.968056,8.605,0.00737114 , 0.00737114 , 0
-0.968056,8.695,0.00712152 , 0.00712152 , 0
-0.968056,8.785,0.00688919 , 0.00688919 , 0
-0.968056,8.875,0.00667272 , 0.00667272 , 0
-0.968056,8.965,0.00647195 , 0.00647195 , 0
-0.968056,9.055,0.00628526 , 0.00628526 , 0
-0.968056,9.145,0.00611064 , 0.00611064 , 0
-0.968056,9.235,0.00594702 , 0.00594702 , 0
-0.968056,9.325,0.00579344 , 0.00579344 , 0
-0.968056,9.415,0.005649 , 0.005649 , 0
-0.968056,9.505,0.00551288 , 0.00551288 , 0
-0.968056,9.595,0.00538434 , 0.00538434 , 0
-0.968056,9.685,0.0052627 , 0.0052627 , 0
-0.968056,9.775,0.00514734 , 0.00514734 , 0
-0.968056,9.865,0.00503771 , 0.00503771 , 0
-0.968056,9.955,0.0049333 , 0.0049333 , 0
-0.964412,1.045,0.668956 , 0.668956 , 0
-0.964412,1.135,0.577236 , 0.577236 , 0
-0.964412,1.225,0.483119 , 0.483119 , 0
-0.964412,1.315,0.455169 , 0.455169 , 0
-0.964412,1.405,0.391063 , 0.391063 , 0
-0.964412,1.495,0.349975 , 0.349975 , 0
-0.964412,1.585,0.314488 , 0.314488 , 0
-0.964412,1.675,0.287031 , 0.287031 , 0
-0.964412,1.765,0.251324 , 0.251324 , 0
-0.964412,1.855,0.240397 , 0.240397 , 0
-0.964412,1.945,0.219316 , 0.219316 , 0
-0.964412,2.035,0.190941 , 0.190941 , 0
-0.964412,2.125,0.173554 , 0.173554 , 0
-0.964412,2.215,0.164998 , 0.164998 , 0
-0.964412,2.305,0.157028 , 0.157028 , 0
-0.964412,2.395,0.148023 , 0.148023 , 0
-0.964412,2.485,0.139453 , 0.139453 , 0
-0.964412,2.575,0.131994 , 0.131994 , 0
-0.964412,2.665,0.125599 , 0.125599 , 0
-0.964412,2.755,0.120086 , 0.120086 , 0
-0.964412,2.845,0.115422 , 0.115422 , 0
-0.964412,2.935,0.111585 , 0.111585 , 0
-0.964412,3.025,0.108491 , 0.108491 , 0
-0.964412,3.115,0.105714 , 0.105714 , 0
-0.964412,3.205,0.102686 , 0.102686 , 0
-0.964412,3.295,0.0989641 , 0.0989641 , 0
-0.964412,3.385,0.0943454 , 0.0943454 , 0
-0.964412,3.475,0.0887946 , 0.0887946 , 0
-0.964412,3.565,0.0824608 , 0.0824608 , 0
-0.964412,3.655,0.0755974 , 0.0755974 , 0
-0.964412,3.745,0.0686054 , 0.0686054 , 0
-0.964412,3.835,0.0618262 , 0.0618262 , 0
-0.964412,3.925,0.0555499 , 0.0555499 , 0
-0.964412,4.015,0.0499828 , 0.0499828 , 0
-0.964412,4.105,0.0452517 , 0.0452517 , 0
-0.964412,4.195,0.041415 , 0.041415 , 0
-0.964412,4.285,0.0384504 , 0.0384504 , 0
-0.964412,4.375,0.0362846 , 0.0362846 , 0
-0.964412,4.465,0.0348107 , 0.0348107 , 0
-0.964412,4.555,0.0338854 , 0.0338854 , 0
-0.964412,4.645,0.0333994 , 0.0333994 , 0
-0.964412,4.735,0.0332285 , 0.0332285 , 0
-0.964412,4.825,0.0332598 , 0.0332598 , 0
-0.964412,4.915,0.0333962 , 0.0333962 , 0
-0.964412,5.005,0.0335585 , 0.0335585 , 0
-0.964412,5.095,0.0336753 , 0.0336753 , 0
-0.964412,5.185,0.0337139 , 0.0337139 , 0
-0.964412,5.275,0.0336444 , 0.0336444 , 0
-0.964412,5.365,0.0334488 , 0.0334488 , 0
-0.964412,5.455,0.0331195 , 0.0331195 , 0
-0.964412,5.545,0.0326572 , 0.0326572 , 0
-0.964412,5.635,0.0320667 , 0.0320667 , 0
-0.964412,5.725,0.0313486 , 0.0313486 , 0
-0.964412,5.815,0.0305308 , 0.0305308 , 0
-0.964412,5.905,0.0296293 , 0.0296293 , 0
-0.964412,5.995,0.0286606 , 0.0286606 , 0
-0.964412,6.085,0.0276408 , 0.0276408 , 0
-0.964412,6.175,0.0265855 , 0.0265855 , 0
-0.964412,6.265,0.0255089 , 0.0255089 , 0
-0.964412,6.355,0.0244184 , 0.0244184 , 0
-0.964412,6.445,0.0233264 , 0.0233264 , 0
-0.964412,6.535,0.0222483 , 0.0222483 , 0
-0.964412,6.625,0.0211924 , 0.0211924 , 0
-0.964412,6.715,0.0201651 , 0.0201651 , 0
-0.964412,6.805,0.0191719 , 0.0191719 , 0
-0.964412,6.895,0.0182168 , 0.0182168 , 0
-0.964412,6.985,0.0173025 , 0.0173025 , 0
-0.964412,7.075,0.0164312 , 0.0164312 , 0
-0.964412,7.165,0.0156035 , 0.0156035 , 0
-0.964412,7.255,0.0148201 , 0.0148201 , 0
-0.964412,7.345,0.0140806 , 0.0140806 , 0
-0.964412,7.435,0.0133845 , 0.0133845 , 0
-0.964412,7.525,0.0127308 , 0.0127308 , 0
-0.964412,7.615,0.012118 , 0.012118 , 0
-0.964412,7.705,0.0115446 , 0.0115446 , 0
-0.964412,7.795,0.0110088 , 0.0110088 , 0
-0.964412,7.885,0.0105089 , 0.0105089 , 0
-0.964412,7.975,0.0100407 , 0.0100407 , 0
-0.964412,8.065,0.00960065 , 0.00960065 , 0
-0.964412,8.155,0.00919055 , 0.00919055 , 0
-0.964412,8.245,0.0088086 , 0.0088086 , 0
-0.964412,8.335,0.00845294 , 0.00845294 , 0
-0.964412,8.425,0.00812181 , 0.00812181 , 0
-0.964412,8.515,0.00781349 , 0.00781349 , 0
-0.964412,8.605,0.00752633 , 0.00752633 , 0
-0.964412,8.695,0.00725877 , 0.00725877 , 0
-0.964412,8.785,0.00700934 , 0.00700934 , 0
-0.964412,8.875,0.00677663 , 0.00677663 , 0
-0.964412,8.965,0.00656047 , 0.00656047 , 0
-0.964412,9.055,0.00635928 , 0.00635928 , 0
-0.964412,9.145,0.00617108 , 0.00617108 , 0
-0.964412,9.235,0.00599482 , 0.00599482 , 0
-0.964412,9.325,0.0058295 , 0.0058295 , 0
-0.964412,9.415,0.00567419 , 0.00567419 , 0
-0.964412,9.505,0.00552805 , 0.00552805 , 0
-0.964412,9.595,0.00539031 , 0.00539031 , 0
-0.964412,9.685,0.00526026 , 0.00526026 , 0
-0.964412,9.775,0.00513724 , 0.00513724 , 0
-0.964412,9.865,0.00502066 , 0.00502066 , 0
-0.964412,9.955,0.00490997 , 0.00490997 , 0
-0.960768,1.045,0.672919 , 0.672919 , 0
-0.960768,1.135,0.580547 , 0.580547 , 0
-0.960768,1.225,0.479252 , 0.479252 , 0
-0.960768,1.315,0.449456 , 0.449456 , 0
-0.960768,1.405,0.391856 , 0.391856 , 0
-0.960768,1.495,0.346782 , 0.346782 , 0
-0.960768,1.585,0.314808 , 0.314808 , 0
-0.960768,1.675,0.285134 , 0.285134 , 0
-0.960768,1.765,0.251327 , 0.251327 , 0
-0.960768,1.855,0.240492 , 0.240492 , 0
-0.960768,1.945,0.217053 , 0.217053 , 0
-0.960768,2.035,0.189196 , 0.189196 , 0
-0.960768,2.125,0.173373 , 0.173373 , 0
-0.960768,2.215,0.164908 , 0.164908 , 0
-0.960768,2.305,0.156173 , 0.156173 , 0
-0.960768,2.395,0.146766 , 0.146766 , 0
-0.960768,2.485,0.138383 , 0.138383 , 0
-0.960768,2.575,0.131378 , 0.131378 , 0
-0.960768,2.665,0.125451 , 0.125451 , 0
-0.960768,2.755,0.120344 , 0.120344 , 0
-0.960768,2.845,0.115997 , 0.115997 , 0
-0.960768,2.935,0.112351 , 0.112351 , 0
-0.960768,3.025,0.109296 , 0.109296 , 0
-0.960768,3.115,0.106418 , 0.106418 , 0
-0.960768,3.205,0.103213 , 0.103213 , 0
-0.960768,3.295,0.0993186 , 0.0993186 , 0
-0.960768,3.385,0.0945988 , 0.0945988 , 0
-0.960768,3.475,0.0890509 , 0.0890509 , 0
-0.960768,3.565,0.082818 , 0.082818 , 0
-0.960768,3.655,0.0761206 , 0.0761206 , 0
-0.960768,3.745,0.0693119 , 0.0693119 , 0
-0.960768,3.835,0.0626866 , 0.0626866 , 0
-0.960768,3.925,0.0564991 , 0.0564991 , 0
-0.960768,4.015,0.0509355 , 0.0509355 , 0
-0.960768,4.105,0.046118 , 0.046118 , 0
-0.960768,4.195,0.0421142 , 0.0421142 , 0
-0.960768,4.285,0.0389195 , 0.0389195 , 0
-0.960768,4.375,0.0364827 , 0.0364827 , 0
-0.960768,4.465,0.0347202 , 0.0347202 , 0
-0.960768,4.555,0.0335097 , 0.0335097 , 0
-0.960768,4.645,0.0327599 , 0.0327599 , 0
-0.960768,4.735,0.0323598 , 0.0323598 , 0
-0.960768,4.825,0.0322052 , 0.0322052 , 0
-0.960768,4.915,0.0322035 , 0.0322035 , 0
-0.960768,5.005,0.0322761 , 0.0322761 , 0
-0.960768,5.095,0.0323485 , 0.0323485 , 0
-0.960768,5.185,0.032385 , 0.032385 , 0
-0.960768,5.275,0.0323504 , 0.0323504 , 0
-0.960768,5.365,0.0322205 , 0.0322205 , 0
-0.960768,5.455,0.0319813 , 0.0319813 , 0
-0.960768,5.545,0.0316272 , 0.0316272 , 0
-0.960768,5.635,0.0311574 , 0.0311574 , 0
-0.960768,5.725,0.0305676 , 0.0305676 , 0
-0.960768,5.815,0.0298805 , 0.0298805 , 0
-0.960768,5.905,0.0291085 , 0.0291085 , 0
-0.960768,5.995,0.028265 , 0.028265 , 0
-0.960768,6.085,0.0273638 , 0.0273638 , 0
-0.960768,6.175,0.0264187 , 0.0264187 , 0
-0.960768,6.265,0.0254428 , 0.0254428 , 0
-0.960768,6.355,0.0244428 , 0.0244428 , 0
-0.960768,6.445,0.0234306 , 0.0234306 , 0
-0.960768,6.535,0.0224217 , 0.0224217 , 0
-0.960768,6.625,0.0214246 , 0.0214246 , 0
-0.960768,6.715,0.0204464 , 0.0204464 , 0
-0.960768,6.805,0.0194929 , 0.0194929 , 0
-0.960768,6.895,0.0185688 , 0.0185688 , 0
-0.960768,6.985,0.0176779 , 0.0176779 , 0
-0.960768,7.075,0.0168228 , 0.0168228 , 0
-0.960768,7.165,0.0160052 , 0.0160052 , 0
-0.960768,7.255,0.0152263 , 0.0152263 , 0
-0.960768,7.345,0.0144866 , 0.0144866 , 0
-0.960768,7.435,0.0137861 , 0.0137861 , 0
-0.960768,7.525,0.0131245 , 0.0131245 , 0
-0.960768,7.615,0.0125009 , 0.0125009 , 0
-0.960768,7.705,0.0119143 , 0.0119143 , 0
-0.960768,7.795,0.0113635 , 0.0113635 , 0
-0.960768,7.885,0.0108471 , 0.0108471 , 0
-0.960768,7.975,0.0103615 , 0.0103615 , 0
-0.960768,8.065,0.00990334 , 0.00990334 , 0
-0.960768,8.155,0.00947472 , 0.00947472 , 0
-0.960768,8.245,0.00907397 , 0.00907397 , 0
-0.960768,8.335,0.00869947 , 0.00869947 , 0
-0.960768,8.425,0.00834962 , 0.00834962 , 0
-0.960768,8.515,0.00802287 , 0.00802287 , 0
-0.960768,8.605,0.0077177 , 0.0077177 , 0
-0.960768,8.695,0.00743265 , 0.00743265 , 0
-0.960768,8.785,0.00716633 , 0.00716633 , 0
-0.960768,8.875,0.00691739 , 0.00691739 , 0
-0.960768,8.965,0.00668565 , 0.00668565 , 0
-0.960768,9.055,0.00646958 , 0.00646958 , 0
-0.960768,9.145,0.00626732 , 0.00626732 , 0
-0.960768,9.235,0.00607778 , 0.00607778 , 0
-0.960768,9.325,0.00589997 , 0.00589997 , 0
-0.960768,9.415,0.00573298 , 0.00573298 , 0
-0.960768,9.505,0.00557593 , 0.00557593 , 0
-0.960768,9.595,0.00542804 , 0.00542804 , 0
-0.960768,9.685,0.00528856 , 0.00528856 , 0
-0.960768,9.775,0.00515684 , 0.00515684 , 0
-0.960768,9.865,0.00503222 , 0.00503222 , 0
-0.960768,9.955,0.00491416 , 0.00491416 , 0
-0.957124,1.045,0.677 , 0.677 , 0
-0.957124,1.135,0.584365 , 0.584365 , 0
-0.957124,1.225,0.477708 , 0.477708 , 0
-0.957124,1.315,0.443574 , 0.443574 , 0
-0.957124,1.405,0.392821 , 0.392821 , 0
-0.957124,1.495,0.344179 , 0.344179 , 0
-0.957124,1.585,0.315078 , 0.315078 , 0
-0.957124,1.675,0.283557 , 0.283557 , 0
-0.957124,1.765,0.251694 , 0.251694 , 0
-0.957124,1.855,0.240222 , 0.240222 , 0
-0.957124,1.945,0.214818 , 0.214818 , 0
-0.957124,2.035,0.187793 , 0.187793 , 0
-0.957124,2.125,0.173317 , 0.173317 , 0
-0.957124,2.215,0.164802 , 0.164802 , 0
-0.957124,2.305,0.155398 , 0.155398 , 0
-0.957124,2.395,0.145699 , 0.145699 , 0
-0.957124,2.485,0.137529 , 0.137529 , 0
-0.957124,2.575,0.130972 , 0.130972 , 0
-0.957124,2.665,0.125523 , 0.125523 , 0
-0.957124,2.755,0.120829 , 0.120829 , 0
-0.957124,2.845,0.116772 , 0.116772 , 0
-0.957124,2.935,0.113242 , 0.113242 , 0
-0.957124,3.025,0.110117 , 0.110117 , 0
-0.957124,3.115,0.107032 , 0.107032 , 0
-0.957124,3.205,0.103565 , 0.103565 , 0
-0.957124,3.295,0.0994496 , 0.0994496 , 0
-0.957124,3.385,0.0946149 , 0.0946149 , 0
-0.957124,3.475,0.0890832 , 0.0890832 , 0
-0.957124,3.565,0.0829825 , 0.0829825 , 0
-0.957124,3.655,0.0764918 , 0.0764918 , 0
-0.957124,3.745,0.0699104 , 0.0699104 , 0
-0.957124,3.835,0.063483 , 0.063483 , 0
-0.957124,3.925,0.0574262 , 0.0574262 , 0
-0.957124,4.015,0.0519045 , 0.0519045 , 0
-0.957124,4.105,0.0470351 , 0.0470351 , 0
-0.957124,4.195,0.0428939 , 0.0428939 , 0
-0.957124,4.285,0.0394934 , 0.0394934 , 0
-0.957124,4.375,0.0368041 , 0.0368041 , 0
-0.957124,4.465,0.0347651 , 0.0347651 , 0
-0.957124,4.555,0.0332756 , 0.0332756 , 0
-0.957124,4.645,0.0322621 , 0.0322621 , 0
-0.957124,4.735,0.0316273 , 0.0316273 , 0
-0.957124,4.825,0.0312765 , 0.0312765 , 0
-0.957124,4.915,0.0311224 , 0.0311224 , 0
-0.957124,5.005,0.0310879 , 0.0310879 , 0
-0.957124,5.095,0.0310968 , 0.0310968 , 0
-0.957124,5.185,0.0311108 , 0.0311108 , 0
-0.957124,5.275,0.0310904 , 0.0310904 , 0
-0.957124,5.365,0.031006 , 0.031006 , 0
-0.957124,5.455,0.0308377 , 0.0308377 , 0
-0.957124,5.545,0.0305743 , 0.0305743 , 0
-0.957124,5.635,0.0302097 , 0.0302097 , 0
-0.957124,5.725,0.0297348 , 0.0297348 , 0
-0.957124,5.815,0.0291675 , 0.0291675 , 0
-0.957124,5.905,0.0285162 , 0.0285162 , 0
-0.957124,5.995,0.0277914 , 0.0277914 , 0
-0.957124,6.085,0.0270045 , 0.0270045 , 0
-0.957124,6.175,0.0261674 , 0.0261674 , 0
-0.957124,6.265,0.0252917 , 0.0252917 , 0
-0.957124,6.355,0.0243831 , 0.0243831 , 0
-0.957124,6.445,0.0234532 , 0.0234532 , 0
-0.957124,6.535,0.0225172 , 0.0225172 , 0
-0.957124,6.625,0.0215834 , 0.0215834 , 0
-0.957124,6.715,0.0206593 , 0.0206593 , 0
-0.957124,6.805,0.0197513 , 0.0197513 , 0
-0.957124,6.895,0.0188645 , 0.0188645 , 0
-0.957124,6.985,0.0180032 , 0.0180032 , 0
-0.957124,7.075,0.0171708 , 0.0171708 , 0
-0.957124,7.165,0.0163698 , 0.0163698 , 0
-0.957124,7.255,0.0156018 , 0.0156018 , 0
-0.957124,7.345,0.014868 , 0.014868 , 0
-0.957124,7.435,0.014169 , 0.014169 , 0
-0.957124,7.525,0.0135052 , 0.0135052 , 0
-0.957124,7.615,0.0128761 , 0.0128761 , 0
-0.957124,7.705,0.0122814 , 0.0122814 , 0
-0.957124,7.795,0.0117201 , 0.0117201 , 0
-0.957124,7.885,0.0111914 , 0.0111914 , 0
-0.957124,7.975,0.0106921 , 0.0106921 , 0
-0.957124,8.065,0.0102195 , 0.0102195 , 0
-0.957124,8.155,0.00977549 , 0.00977549 , 0
-0.957124,8.245,0.00935873 , 0.00935873 , 0
-0.957124,8.335,0.00896784 , 0.00896784 , 0
-0.957124,8.425,0.00860141 , 0.00860141 , 0
-0.957124,8.515,0.00825806 , 0.00825806 , 0
-0.957124,8.605,0.00793642 , 0.00793642 , 0
-0.957124,8.695,0.00763515 , 0.00763515 , 0
-0.957124,8.785,0.00735296 , 0.00735296 , 0
-0.957124,8.875,0.00708858 , 0.00708858 , 0
-0.957124,8.965,0.00684181 , 0.00684181 , 0
-0.957124,9.055,0.00661124 , 0.00661124 , 0
-0.957124,9.145,0.00639508 , 0.00639508 , 0
-0.957124,9.235,0.00619228 , 0.00619228 , 0
-0.957124,9.325,0.00600188 , 0.00600188 , 0
-0.957124,9.415,0.00582295 , 0.00582295 , 0
-0.957124,9.505,0.00565463 , 0.00565463 , 0
-0.957124,9.595,0.00549613 , 0.00549613 , 0
-0.957124,9.685,0.00534669 , 0.00534669 , 0
-0.957124,9.775,0.00520564 , 0.00520564 , 0
-0.957124,9.865,0.00507232 , 0.00507232 , 0
-0.957124,9.955,0.00494615 , 0.00494615 , 0
-0.95348,1.045,0.680536 , 0.680536 , 0
-0.95348,1.135,0.587911 , 0.587911 , 0
-0.95348,1.225,0.478071 , 0.478071 , 0
-0.95348,1.315,0.437842 , 0.437842 , 0
-0.95348,1.405,0.3939 , 0.3939 , 0
-0.95348,1.495,0.342147 , 0.342147 , 0
-0.95348,1.585,0.315139 , 0.315139 , 0
-0.95348,1.675,0.282473 , 0.282473 , 0
-0.95348,1.765,0.252368 , 0.252368 , 0
-0.95348,1.855,0.239693 , 0.239693 , 0
-0.95348,1.945,0.212756 , 0.212756 , 0
-0.95348,2.035,0.186726 , 0.186726 , 0
-0.95348,2.125,0.173325 , 0.173325 , 0
-0.95348,2.215,0.164626 , 0.164626 , 0
-0.95348,2.305,0.154611 , 0.154611 , 0
-0.95348,2.395,0.144681 , 0.144681 , 0
-0.95348,2.485,0.136742 , 0.136742 , 0
-0.95348,2.575,0.130658 , 0.130658 , 0
-0.95348,2.665,0.125724 , 0.125724 , 0
-0.95348,2.755,0.12146 , 0.12146 , 0
-0.95348,2.845,0.117651 , 0.117651 , 0
-0.95348,2.935,0.11414 , 0.11414 , 0
-0.95348,3.025,0.110826 , 0.110826 , 0
-0.95348,3.115,0.107425 , 0.107425 , 0
-0.95348,3.205,0.103624 , 0.103624 , 0
-0.95348,3.295,0.0992584 , 0.0992584 , 0
-0.95348,3.385,0.0943197 , 0.0943197 , 0
-0.95348,3.475,0.0888432 , 0.0888432 , 0
-0.95348,3.565,0.0829295 , 0.0829295 , 0
-0.95348,3.655,0.0767062 , 0.0767062 , 0
-0.95348,3.745,0.0704122 , 0.0704122 , 0
-0.95348,3.835,0.0642381 , 0.0642381 , 0
-0.95348,3.925,0.0583609 , 0.0583609 , 0
-0.95348,4.015,0.0529224 , 0.0529224 , 0
-0.95348,4.105,0.0480345 , 0.0480345 , 0
-0.95348,4.195,0.0437814 , 0.0437814 , 0
-0.95348,4.285,0.0401929 , 0.0401929 , 0
-0.95348,4.375,0.0372615 , 0.0372615 , 0
-0.95348,4.465,0.0349497 , 0.0349497 , 0
-0.95348,4.555,0.0331783 , 0.0331783 , 0
-0.95348,4.645,0.0318925 , 0.0318925 , 0
-0.95348,4.735,0.0310098 , 0.0310098 , 0
-0.95348,4.825,0.0304458 , 0.0304458 , 0
-0.95348,4.915,0.0301194 , 0.0301194 , 0
-0.95348,5.005,0.0299565 , 0.0299565 , 0
-0.95348,5.095,0.0298795 , 0.0298795 , 0
-0.95348,5.185,0.029849 , 0.029849 , 0
-0.95348,5.275,0.0298215 , 0.0298215 , 0
-0.95348,5.365,0.0297628 , 0.0297628 , 0
-0.95348,5.455,0.0296476 , 0.0296476 , 0
-0.95348,5.545,0.0294594 , 0.0294594 , 0
-0.95348,5.635,0.0291867 , 0.0291867 , 0
-0.95348,5.725,0.0288162 , 0.0288162 , 0
-0.95348,5.815,0.0283607 , 0.0283607 , 0
-0.95348,5.905,0.0278247 , 0.0278247 , 0
-0.95348,5.995,0.0272155 , 0.0272155 , 0
-0.95348,6.085,0.0265417 , 0.0265417 , 0
-0.95348,6.175,0.0258131 , 0.0258131 , 0
-0.95348,6.265,0.0250399 , 0.0250399 , 0
-0.95348,6.355,0.0242267 , 0.0242267 , 0
-0.95348,6.445,0.0233841 , 0.0233841 , 0
-0.95348,6.535,0.0225266 , 0.0225266 , 0
-0.95348,6.625,0.0216627 , 0.0216627 , 0
-0.95348,6.715,0.0207999 , 0.0207999 , 0
-0.95348,6.805,0.0199447 , 0.0199447 , 0
-0.95348,6.895,0.0191027 , 0.0191027 , 0
-0.95348,6.985,0.0182786 , 0.0182786 , 0
-0.95348,7.075,0.0174764 , 0.0174764 , 0
-0.95348,7.165,0.0166992 , 0.0166992 , 0
-0.95348,7.255,0.0159491 , 0.0159491 , 0
-0.95348,7.345,0.0152279 , 0.0152279 , 0
-0.95348,7.435,0.0145369 , 0.0145369 , 0
-0.95348,7.525,0.0138768 , 0.0138768 , 0
-0.95348,7.615,0.0132478 , 0.0132478 , 0
-0.95348,7.705,0.01265 , 0.01265 , 0
-0.95348,7.795,0.012083 , 0.012083 , 0
-0.95348,7.885,0.0115462 , 0.0115462 , 0
-0.95348,7.975,0.0110372 , 0.0110372 , 0
-0.95348,8.065,0.0105535 , 0.0105535 , 0
-0.95348,8.155,0.0100971 , 0.0100971 , 0
-0.95348,8.245,0.00966702 , 0.00966702 , 0
-0.95348,8.335,0.00926203 , 0.00926203 , 0
-0.95348,8.425,0.00888099 , 0.00888099 , 0
-0.95348,8.515,0.0085227 , 0.0085227 , 0
-0.95348,8.605,0.00818594 , 0.00818594 , 0
-0.95348,8.695,0.00786953 , 0.00786953 , 0
-0.95348,8.785,0.00757229 , 0.00757229 , 0
-0.95348,8.875,0.00729307 , 0.00729307 , 0
-0.95348,8.965,0.00703164 , 0.00703164 , 0
-0.95348,9.055,0.00678673 , 0.00678673 , 0
-0.95348,9.145,0.00655667 , 0.00655667 , 0
-0.95348,9.235,0.00634047 , 0.00634047 , 0
-0.95348,9.325,0.00613717 , 0.00613717 , 0
-0.95348,9.415,0.0059459 , 0.0059459 , 0
-0.95348,9.505,0.0057658 , 0.0057658 , 0
-0.95348,9.595,0.00559608 , 0.00559608 , 0
-0.95348,9.685,0.00543601 , 0.00543601 , 0
-0.95348,9.775,0.00528489 , 0.00528489 , 0
-0.95348,9.865,0.00514206 , 0.00514206 , 0
-0.95348,9.955,0.00500694 , 0.00500694 , 0
-0.949836,1.045,0.683366 , 0.683366 , 0
-0.949836,1.135,0.590539 , 0.590539 , 0
-0.949836,1.225,0.480155 , 0.480155 , 0
-0.949836,1.315,0.432479 , 0.432479 , 0
-0.949836,1.405,0.395029 , 0.395029 , 0
-0.949836,1.495,0.340642 , 0.340642 , 0
-0.949836,1.585,0.31512 , 0.31512 , 0
-0.949836,1.675,0.281963 , 0.281963 , 0
-0.949836,1.765,0.253086 , 0.253086 , 0
-0.949836,1.855,0.238874 , 0.238874 , 0
-0.949836,1.945,0.210936 , 0.210936 , 0
-0.949836,2.035,0.185993 , 0.185993 , 0
-0.949836,2.125,0.17343 , 0.17343 , 0
-0.949836,2.215,0.164493 , 0.164493 , 0
-0.949836,2.305,0.153959 , 0.153959 , 0
-0.949836,2.395,0.143863 , 0.143863 , 0
-0.949836,2.485,0.136175 , 0.136175 , 0
-0.949836,2.575,0.130587 , 0.130587 , 0
-0.949836,2.665,0.126191 , 0.126191 , 0
-0.949836,2.755,0.122339 , 0.122339 , 0
-0.949836,2.845,0.118703 , 0.118703 , 0
-0.949836,2.935,0.115098 , 0.115098 , 0
-0.949836,3.025,0.111478 , 0.111478 , 0
-0.949836,3.115,0.10767 , 0.10767 , 0
-0.949836,3.205,0.103485 , 0.103485 , 0
-0.949836,3.295,0.0988557 , 0.0988557 , 0
-0.949836,3.385,0.0938256 , 0.0938256 , 0
-0.949836,3.475,0.0884305 , 0.0884305 , 0
-0.949836,3.565,0.0827343 , 0.0827343 , 0
-0.949836,3.655,0.076808 , 0.076808 , 0
-0.949836,3.745,0.0708294 , 0.0708294 , 0
-0.949836,3.835,0.0649357 , 0.0649357 , 0
-0.949836,3.925,0.0592652 , 0.0592652 , 0
-0.949836,4.015,0.0539385 , 0.0539385 , 0
-0.949836,4.105,0.0490617 , 0.0490617 , 0
-0.949836,4.195,0.0447269 , 0.0447269 , 0
-0.949836,4.285,0.0409794 , 0.0409794 , 0
-0.949836,4.375,0.0378325 , 0.0378325 , 0
-0.949836,4.465,0.0352701 , 0.0352701 , 0
-0.949836,4.555,0.0332337 , 0.0332337 , 0
-0.949836,4.645,0.0316867 , 0.0316867 , 0
-0.949836,4.735,0.0305608 , 0.0305608 , 0
-0.949836,4.825,0.0297821 , 0.0297821 , 0
-0.949836,4.915,0.0292765 , 0.0292765 , 0
-0.949836,5.005,0.0289733 , 0.0289733 , 0
-0.949836,5.095,0.0287951 , 0.0287951 , 0
-0.949836,5.185,0.0287016 , 0.0287016 , 0
-0.949836,5.275,0.0286469 , 0.0286469 , 0
-0.949836,5.365,0.0285926 , 0.0285926 , 0
-0.949836,5.455,0.0285094 , 0.0285094 , 0
-0.949836,5.545,0.0283757 , 0.0283757 , 0
-0.949836,5.635,0.0281758 , 0.0281758 , 0
-0.949836,5.725,0.0278921 , 0.0278921 , 0
-0.949836,5.815,0.0275326 , 0.0275326 , 0
-0.949836,5.905,0.0270983 , 0.0270983 , 0
-0.949836,5.995,0.0265932 , 0.0265932 , 0
-0.949836,6.085,0.0260234 , 0.0260234 , 0
-0.949836,6.175,0.0253964 , 0.0253964 , 0
-0.949836,6.265,0.0247206 , 0.0247206 , 0
-0.949836,6.355,0.0239995 , 0.0239995 , 0
-0.949836,6.445,0.0232426 , 0.0232426 , 0
-0.949836,6.535,0.0224638 , 0.0224638 , 0
-0.949836,6.625,0.0216711 , 0.0216711 , 0
-0.949836,6.715,0.0208718 , 0.0208718 , 0
-0.949836,6.805,0.0200726 , 0.0200726 , 0
-0.949836,6.895,0.0192793 , 0.0192793 , 0
-0.949836,6.985,0.018497 , 0.018497 , 0
-0.949836,7.075,0.0177298 , 0.0177298 , 0
-0.949836,7.165,0.0169815 , 0.0169815 , 0
-0.949836,7.255,0.0162546 , 0.0162546 , 0
-0.949836,7.345,0.0155514 , 0.0155514 , 0
-0.949836,7.435,0.0148737 , 0.0148737 , 0
-0.949836,7.525,0.0142225 , 0.0142225 , 0
-0.949836,7.615,0.0135987 , 0.0135987 , 0
-0.949836,7.705,0.0130027 , 0.0130027 , 0
-0.949836,7.795,0.0124346 , 0.0124346 , 0
-0.949836,7.885,0.0118942 , 0.0118942 , 0
-0.949836,7.975,0.0113795 , 0.0113795 , 0
-0.949836,8.065,0.0108885 , 0.0108885 , 0
-0.949836,8.155,0.0104233 , 0.0104233 , 0
-0.949836,8.245,0.00998313 , 0.00998313 , 0
-0.949836,8.335,0.00956702 , 0.00956702 , 0
-0.949836,8.425,0.00917404 , 0.00917404 , 0
-0.949836,8.515,0.00880319 , 0.00880319 , 0
-0.949836,8.605,0.00845344 , 0.00845344 , 0
-0.949836,8.695,0.00812376 , 0.00812376 , 0
-0.949836,8.785,0.00781311 , 0.00781311 , 0
-0.949836,8.875,0.00752045 , 0.00752045 , 0
-0.949836,8.965,0.00724554 , 0.00724554 , 0
-0.949836,9.055,0.00698724 , 0.00698724 , 0
-0.949836,9.145,0.00674405 , 0.00674405 , 0
-0.949836,9.235,0.00651503 , 0.00651503 , 0
-0.949836,9.325,0.00629929 , 0.00629929 , 0
-0.949836,9.415,0.00609596 , 0.00609596 , 0
-0.949836,9.505,0.00590423 , 0.00590423 , 0
-0.949836,9.595,0.00572334 , 0.00572334 , 0
-0.949836,9.685,0.00555255 , 0.00555255 , 0
-0.949836,9.775,0.00539119 , 0.00539119 , 0
-0.949836,9.865,0.00523861 , 0.00523861 , 0
-0.949836,9.955,0.00509421 , 0.00509421 , 0
-0.946192,1.045,0.680861 , 0.680861 , 0
-0.946192,1.135,0.588478 , 0.588478 , 0
-0.946192,1.225,0.480634 , 0.480634 , 0
-0.946192,1.315,0.42582 , 0.42582 , 0
-0.946192,1.405,0.394714 , 0.394714 , 0
-0.946192,1.495,0.338277 , 0.338277 , 0
-0.946192,1.585,0.314097 , 0.314097 , 0
-0.946192,1.675,0.281461 , 0.281461 , 0
-0.946192,1.765,0.253322 , 0.253322 , 0
-0.946192,1.855,0.237558 , 0.237558 , 0
-0.946192,1.945,0.209204 , 0.209204 , 0
-0.946192,2.035,0.185379 , 0.185379 , 0
-0.946192,2.125,0.173467 , 0.173467 , 0
-0.946192,2.215,0.16429 , 0.16429 , 0
-0.946192,2.305,0.153302 , 0.153302 , 0
-0.946192,2.395,0.143066 , 0.143066 , 0
-0.946192,2.485,0.135661 , 0.135661 , 0
-0.946192,2.575,0.130628 , 0.130628 , 0
-0.946192,2.665,0.126824 , 0.126824 , 0
-0.946192,2.755,0.123378 , 0.123378 , 0
-0.946192,2.845,0.119838 , 0.119838 , 0
-0.946192,2.935,0.11602 , 0.11602 , 0
-0.946192,3.025,0.111978 , 0.111978 , 0
-0.946192,3.115,0.107683 , 0.107683 , 0
-0.946192,3.205,0.103082 , 0.103082 , 0
-0.946192,3.295,0.0981984 , 0.0981984 , 0
-0.946192,3.385,0.0931143 , 0.0931143 , 0
-0.946192,3.475,0.0878527 , 0.0878527 , 0
-0.946192,3.565,0.0824304 , 0.0824304 , 0
-0.946192,3.655,0.0768557 , 0.0768557 , 0
-0.946192,3.745,0.071244 , 0.071244 , 0
-0.946192,3.835,0.0656786 , 0.0656786 , 0
-0.946192,3.925,0.0602598 , 0.0602598 , 0
-0.946192,4.015,0.055086 , 0.055086 , 0
-0.946192,4.105,0.0502567 , 0.0502567 , 0
-0.946192,4.195,0.0458719 , 0.0458719 , 0
-0.946192,4.285,0.0419917 , 0.0419917 , 0
-0.946192,4.375,0.0386487 , 0.0386487 , 0
-0.946192,4.465,0.0358481 , 0.0358481 , 0
-0.946192,4.555,0.0335511 , 0.0335511 , 0
-0.946192,4.645,0.0317399 , 0.0317399 , 0
-0.946192,4.735,0.0303612 , 0.0303612 , 0
-0.946192,4.825,0.0293527 , 0.0293527 , 0
-0.946192,4.915,0.0286479 , 0.0286479 , 0
-0.946192,5.005,0.0281811 , 0.0281811 , 0
-0.946192,5.095,0.027876 , 0.027876 , 0
-0.946192,5.185,0.0276927 , 0.0276927 , 0
-0.946192,5.275,0.0275836 , 0.0275836 , 0
-0.946192,5.365,0.0275075 , 0.0275075 , 0
-0.946192,5.455,0.0274312 , 0.0274312 , 0
-0.946192,5.545,0.0273292 , 0.0273292 , 0
-0.946192,5.635,0.0271813 , 0.0271813 , 0
-0.946192,5.725,0.0269669 , 0.0269669 , 0
-0.946192,5.815,0.0266887 , 0.0266887 , 0
-0.946192,5.905,0.0263441 , 0.0263441 , 0
-0.946192,5.995,0.0259338 , 0.0259338 , 0
-0.946192,6.085,0.025461 , 0.025461 , 0
-0.946192,6.175,0.0249311 , 0.0249311 , 0
-0.946192,6.265,0.0243503 , 0.0243503 , 0
-0.946192,6.355,0.0237209 , 0.0237209 , 0
-0.946192,6.445,0.0230509 , 0.0230509 , 0
-0.946192,6.535,0.0223532 , 0.0223532 , 0
-0.946192,6.625,0.0216353 , 0.0216353 , 0
-0.946192,6.715,0.0209042 , 0.0209042 , 0
-0.946192,6.805,0.0201663 , 0.0201663 , 0
-0.946192,6.895,0.0194275 , 0.0194275 , 0
-0.946192,6.985,0.0186929 , 0.0186929 , 0
-0.946192,7.075,0.017967 , 0.017967 , 0
-0.946192,7.165,0.0172534 , 0.0172534 , 0
-0.946192,7.255,0.0165556 , 0.0165556 , 0
-0.946192,7.345,0.0158761 , 0.0158761 , 0
-0.946192,7.435,0.015217 , 0.015217 , 0
-0.946192,7.525,0.0145801 , 0.0145801 , 0
-0.946192,7.615,0.0139665 , 0.0139665 , 0
-0.946192,7.705,0.013377 , 0.013377 , 0
-0.946192,7.795,0.0128121 , 0.0128121 , 0
-0.946192,7.885,0.012272 , 0.012272 , 0
-0.946192,7.975,0.0117553 , 0.0117553 , 0
-0.946192,8.065,0.0112604 , 0.0112604 , 0
-0.946192,8.155,0.0107894 , 0.0107894 , 0
-0.946192,8.245,0.0103417 , 0.0103417 , 0
-0.946192,8.335,0.00991683 , 0.00991683 , 0
-0.946192,8.425,0.00951395 , 0.00951395 , 0
-0.946192,8.515,0.00913228 , 0.00913228 , 0
-0.946192,8.605,0.00877101 , 0.00877101 , 0
-0.946192,8.695,0.00842926 , 0.00842926 , 0
-0.946192,8.785,0.00810613 , 0.00810613 , 0
-0.946192,8.875,0.00780075 , 0.00780075 , 0
-0.946192,8.965,0.00751283 , 0.00751283 , 0
-0.946192,9.055,0.00724139 , 0.00724139 , 0
-0.946192,9.145,0.00698513 , 0.00698513 , 0
-0.946192,9.235,0.00674319 , 0.00674319 , 0
-0.946192,9.325,0.00651473 , 0.00651473 , 0
-0.946192,9.415,0.00629895 , 0.00629895 , 0
-0.946192,9.505,0.00609507 , 0.00609507 , 0
-0.946192,9.595,0.00590237 , 0.00590237 , 0
-0.946192,9.685,0.00572015 , 0.00572015 , 0
-0.946192,9.775,0.00554775 , 0.00554775 , 0
-0.946192,9.865,0.00538454 , 0.00538454 , 0
-0.946192,9.955,0.00522993 , 0.00522993 , 0
-0.942548,1.045,0.678697 , 0.678697 , 0
-0.942548,1.135,0.585739 , 0.585739 , 0
-0.942548,1.225,0.481977 , 0.481977 , 0
-0.942548,1.315,0.419995 , 0.419995 , 0
-0.942548,1.405,0.39469 , 0.39469 , 0
-0.942548,1.495,0.336173 , 0.336173 , 0
-0.942548,1.585,0.313347 , 0.313347 , 0
-0.942548,1.675,0.281519 , 0.281519 , 0
-0.942548,1.765,0.253338 , 0.253338 , 0
-0.942548,1.855,0.236199 , 0.236199 , 0
-0.942548,1.945,0.20788 , 0.20788 , 0
-0.942548,2.035,0.185056 , 0.185056 , 0
-0.942548,2.125,0.173597 , 0.173597 , 0
-0.942548,2.215,0.164171 , 0.164171 , 0
-0.942548,2.305,0.152788 , 0.152788 , 0
-0.942548,2.395,0.142455 , 0.142455 , 0
-0.942548,2.485,0.13538 , 0.13538 , 0
-0.942548,2.575,0.130951 , 0.130951 , 0
-0.942548,2.665,0.127739 , 0.127739 , 0
-0.942548,2.755,0.124629 , 0.124629 , 0
-0.942548,2.845,0.121064 , 0.121064 , 0
-0.942548,2.935,0.116903 , 0.116903 , 0
-0.942548,3.025,0.112341 , 0.112341 , 0
-0.942548,3.115,0.107509 , 0.107509 , 0
-0.942548,3.205,0.102486 , 0.102486 , 0
-0.942548,3.295,0.0973705 , 0.0973705 , 0
-0.942548,3.385,0.0922644 , 0.0922644 , 0
-0.942548,3.475,0.0871649 , 0.0871649 , 0
-0.942548,3.565,0.0820363 , 0.0820363 , 0
-0.942548,3.655,0.0768245 , 0.0768245 , 0
-0.942548,3.745,0.0715865 , 0.0715865 , 0
-0.942548,3.835,0.0663568 , 0.0663568 , 0
-0.942548,3.925,0.0612014 , 0.0612014 , 0
-0.942548,4.015,0.0561987 , 0.0561987 , 0
-0.942548,4.105,0.0514418 , 0.0514418 , 0
-0.942548,4.195,0.0470371 , 0.0470371 , 0
-0.942548,4.285,0.0430571 , 0.0430571 , 0
-0.942548,4.375,0.0395512 , 0.0395512 , 0
-0.942548,4.465,0.0365434 , 0.0365434 , 0
-0.942548,4.555,0.0340124 , 0.0340124 , 0
-0.942548,4.645,0.0319578 , 0.0319578 , 0
-0.942548,4.735,0.0303405 , 0.0303405 , 0
-0.942548,4.825,0.0291091 , 0.0291091 , 0
-0.942548,4.915,0.0282056 , 0.0282056 , 0
-0.942548,5.005,0.0275696 , 0.0275696 , 0
-0.942548,5.095,0.0271269 , 0.0271269 , 0
-0.942548,5.185,0.0268391 , 0.0268391 , 0
-0.942548,5.275,0.0266577 , 0.0266577 , 0
-0.942548,5.365,0.0265398 , 0.0265398 , 0
-0.942548,5.455,0.0264493 , 0.0264493 , 0
-0.942548,5.545,0.0263575 , 0.0263575 , 0
-0.942548,5.635,0.0262408 , 0.0262408 , 0
-0.942548,5.725,0.0260757 , 0.0260757 , 0
-0.942548,5.815,0.0258603 , 0.0258603 , 0
-0.942548,5.905,0.0255885 , 0.0255885 , 0
-0.942548,5.995,0.025258 , 0.025258 , 0
-0.942548,6.085,0.0248694 , 0.0248694 , 0
-0.942548,6.175,0.0244256 , 0.0244256 , 0
-0.942548,6.265,0.0239311 , 0.0239311 , 0
-0.942548,6.355,0.0233863 , 0.0233863 , 0
-0.942548,6.445,0.0227981 , 0.0227981 , 0
-0.942548,6.535,0.0221782 , 0.0221782 , 0
-0.942548,6.625,0.0215331 , 0.0215331 , 0
-0.942548,6.715,0.0208695 , 0.0208695 , 0
-0.942548,6.805,0.0201934 , 0.0201934 , 0
-0.942548,6.895,0.0195105 , 0.0195105 , 0
-0.942548,6.985,0.0188259 , 0.0188259 , 0
-0.942548,7.075,0.0181442 , 0.0181442 , 0
-0.942548,7.165,0.0174688 , 0.0174688 , 0
-0.942548,7.255,0.0168038 , 0.0168038 , 0
-0.942548,7.345,0.016152 , 0.016152 , 0
-0.942548,7.435,0.015516 , 0.015516 , 0
-0.942548,7.525,0.0148977 , 0.0148977 , 0
-0.942548,7.615,0.0142987 , 0.0142987 , 0
-0.942548,7.705,0.0137201 , 0.0137201 , 0
-0.942548,7.795,0.0131627 , 0.0131627 , 0
-0.942548,7.885,0.0126271 , 0.0126271 , 0
-0.942548,7.975,0.0121124 , 0.0121124 , 0
-0.942548,8.065,0.0116174 , 0.0116174 , 0
-0.942548,8.155,0.0111442 , 0.0111442 , 0
-0.942548,8.245,0.0106925 , 0.0106925 , 0
-0.942548,8.335,0.0102621 , 0.0102621 , 0
-0.942548,8.425,0.00985225 , 0.00985225 , 0
-0.942548,8.515,0.00946253 , 0.00946253 , 0
-0.942548,8.605,0.00909227 , 0.00909227 , 0
-0.942548,8.695,0.00874076 , 0.00874076 , 0
-0.942548,8.785,0.00840728 , 0.00840728 , 0
-0.942548,8.875,0.00809107 , 0.00809107 , 0
-0.942548,8.965,0.00779186 , 0.00779186 , 0
-0.942548,9.055,0.00750882 , 0.00750882 , 0
-0.942548,9.145,0.00724084 , 0.00724084 , 0
-0.942548,9.235,0.00698715 , 0.00698715 , 0
-0.942548,9.325,0.00674698 , 0.00674698 , 0
-0.942548,9.415,0.0065196 , 0.0065196 , 0
-0.942548,9.505,0.0063043 , 0.0063043 , 0
-0.942548,9.595,0.00610038 , 0.00610038 , 0
-0.942548,9.685,0.0059072 , 0.0059072 , 0
-0.942548,9.775,0.00572411 , 0.00572411 , 0
-0.942548,9.865,0.00555052 , 0.00555052 , 0
-0.942548,9.955,0.00538585 , 0.00538585 , 0
-0.938904,1.045,0.677273 , 0.677273 , 0
-0.938904,1.135,0.582857 , 0.582857 , 0
-0.938904,1.225,0.483383 , 0.483383 , 0
-0.938904,1.315,0.415256 , 0.415256 , 0
-0.938904,1.405,0.395024 , 0.395024 , 0
-0.938904,1.495,0.334056 , 0.334056 , 0
-0.938904,1.585,0.312976 , 0.312976 , 0
-0.938904,1.675,0.28215 , 0.28215 , 0
-0.938904,1.765,0.253182 , 0.253182 , 0
-0.938904,1.855,0.23498 , 0.23498 , 0
-0.938904,1.945,0.206983 , 0.206983 , 0
-0.938904,2.035,0.184942 , 0.184942 , 0
-0.938904,2.125,0.173762 , 0.173762 , 0
-0.938904,2.215,0.164081 , 0.164081 , 0
-0.938904,2.305,0.152311 , 0.152311 , 0
-0.938904,2.395,0.141892 , 0.141892 , 0
-0.938904,2.485,0.135199 , 0.135199 , 0
-0.938904,2.575,0.131432 , 0.131432 , 0
-0.938904,2.665,0.128813 , 0.128813 , 0
-0.938904,2.755,0.125956 , 0.125956 , 0
-0.938904,2.845,0.122228 , 0.122228 , 0
-0.938904,2.935,0.117585 , 0.117585 , 0
-0.938904,3.025,0.112405 , 0.112405 , 0
-0.938904,3.115,0.106998 , 0.106998 , 0
-0.938904,3.205,0.101562 , 0.101562 , 0
-0.938904,3.295,0.0962539 , 0.0962539 , 0
-0.938904,3.385,0.0911761 , 0.0911761 , 0
-0.938904,3.475,0.0862869 , 0.0862869 , 0
-0.938904,3.565,0.0814923 , 0.0814923 , 0
-0.938904,3.655,0.0766761 , 0.0766761 , 0
-0.938904,3.745,0.0718399 , 0.0718399 , 0
-0.938904,3.835,0.0669727 , 0.0669727 , 0
-0.938904,3.925,0.062109 , 0.062109 , 0
-0.938904,4.015,0.0573081 , 0.0573081 , 0
-0.938904,4.105,0.0526566 , 0.0526566 , 0
-0.938904,4.195,0.0482656 , 0.0482656 , 0
-0.938904,4.285,0.0442179 , 0.0442179 , 0
-0.938904,4.375,0.0405781 , 0.0405781 , 0
-0.938904,4.465,0.0373867 , 0.0373867 , 0
-0.938904,4.555,0.0346389 , 0.0346389 , 0
-0.938904,4.645,0.0323511 , 0.0323511 , 0
-0.938904,4.735,0.0304983 , 0.0304983 , 0
-0.938904,4.825,0.0290406 , 0.0290406 , 0
-0.938904,4.915,0.027929 , 0.027929 , 0
-0.938904,5.005,0.0271093 , 0.0271093 , 0
-0.938904,5.095,0.026511 , 0.026511 , 0
-0.938904,5.185,0.0260978 , 0.0260978 , 0
-0.938904,5.275,0.0258219 , 0.0258219 , 0
-0.938904,5.365,0.0256391 , 0.0256391 , 0
-0.938904,5.455,0.0255117 , 0.0255117 , 0
-0.938904,5.545,0.0254082 , 0.0254082 , 0
-0.938904,5.635,0.0253022 , 0.0253022 , 0
-0.938904,5.725,0.0251678 , 0.0251678 , 0
-0.938904,5.815,0.0249987 , 0.0249987 , 0
-0.938904,5.905,0.0247855 , 0.0247855 , 0
-0.938904,5.995,0.024523 , 0.024523 , 0
-0.938904,6.085,0.0242091 , 0.0242091 , 0
-0.938904,6.175,0.023844 , 0.023844 , 0
-0.938904,6.265,0.0234303 , 0.0234303 , 0
-0.938904,6.355,0.0229668 , 0.0229668 , 0
-0.938904,6.445,0.0224587 , 0.0224587 , 0
-0.938904,6.535,0.0219163 , 0.0219163 , 0
-0.938904,6.625,0.0213452 , 0.0213452 , 0
-0.938904,6.715,0.0207513 , 0.0207513 , 0
-0.938904,6.805,0.0201401 , 0.0201401 , 0
-0.938904,6.895,0.019517 , 0.019517 , 0
-0.938904,6.985,0.0188869 , 0.0188869 , 0
-0.938904,7.075,0.0182544 , 0.0182544 , 0
-0.938904,7.165,0.0176224 , 0.0176224 , 0
-0.938904,7.255,0.0169956 , 0.0169956 , 0
-0.938904,7.345,0.0163771 , 0.0163771 , 0
-0.938904,7.435,0.0157696 , 0.0157696 , 0
-0.938904,7.525,0.0151754 , 0.0151754 , 0
-0.938904,7.615,0.0145963 , 0.0145963 , 0
-0.938904,7.705,0.0140337 , 0.0140337 , 0
-0.938904,7.795,0.0134888 , 0.0134888 , 0
-0.938904,7.885,0.0129625 , 0.0129625 , 0
-0.938904,7.975,0.0124542 , 0.0124542 , 0
-0.938904,8.065,0.0119633 , 0.0119633 , 0
-0.938904,8.155,0.0114917 , 0.0114917 , 0
-0.938904,8.245,0.0110397 , 0.0110397 , 0
-0.938904,8.335,0.010607 , 0.010607 , 0
-0.938904,8.425,0.0101933 , 0.0101933 , 0
-0.938904,8.515,0.0097983 , 0.0097983 , 0
-0.938904,8.605,0.00942158 , 0.00942158 , 0
-0.938904,8.695,0.0090626 , 0.0090626 , 0
-0.938904,8.785,0.0087208 , 0.0087208 , 0
-0.938904,8.875,0.00839558 , 0.00839558 , 0
-0.938904,8.965,0.00808667 , 0.00808667 , 0
-0.938904,9.055,0.00779343 , 0.00779343 , 0
-0.938904,9.145,0.00751493 , 0.00751493 , 0
-0.938904,9.235,0.00725051 , 0.00725051 , 0
-0.938904,9.325,0.0069995 , 0.0069995 , 0
-0.938904,9.415,0.00676122 , 0.00676122 , 0
-0.938904,9.505,0.00653505 , 0.00653505 , 0
-0.938904,9.595,0.00632034 , 0.00632034 , 0
-0.938904,9.685,0.00611649 , 0.00611649 , 0
-0.938904,9.775,0.00592291 , 0.00592291 , 0
-0.938904,9.865,0.00573904 , 0.00573904 , 0
-0.938904,9.955,0.00556433 , 0.00556433 , 0
-0.93526,1.045,0.676718 , 0.676718 , 0
-0.93526,1.135,0.580562 , 0.580562 , 0
-0.93526,1.225,0.484803 , 0.484803 , 0
-0.93526,1.315,0.411392 , 0.411392 , 0
-0.93526,1.405,0.39571 , 0.39571 , 0
-0.93526,1.495,0.331911 , 0.331911 , 0
-0.93526,1.585,0.313245 , 0.313245 , 0
-0.93526,1.675,0.282946 , 0.282946 , 0
-0.93526,1.765,0.252693 , 0.252693 , 0
-0.93526,1.855,0.233988 , 0.233988 , 0
-0.93526,1.945,0.206511 , 0.206511 , 0
-0.93526,2.035,0.185035 , 0.185035 , 0
-0.93526,2.125,0.174016 , 0.174016 , 0
-0.93526,2.215,0.164081 , 0.164081 , 0
-0.93526,2.305,0.151953 , 0.151953 , 0
-0.93526,2.395,0.141508 , 0.141508 , 0
-0.93526,2.485,0.135279 , 0.135279 , 0
-0.93526,2.575,0.132214 , 0.132214 , 0
-0.93526,2.665,0.130139 , 0.130139 , 0
-0.93526,2.755,0.127408 , 0.127408 , 0
-0.93526,2.845,0.123366 , 0.123366 , 0
-0.93526,2.935,0.118126 , 0.118126 , 0
-0.93526,3.025,0.112274 , 0.112274 , 0
-0.93526,3.115,0.106295 , 0.106295 , 0
-0.93526,3.205,0.100485 , 0.100485 , 0
-0.93526,3.295,0.0950341 , 0.0950341 , 0
-0.93526,3.385,0.0900245 , 0.0900245 , 0
-0.93526,3.475,0.0853674 , 0.0853674 , 0
-0.93526,3.565,0.0809111 , 0.0809111 , 0
-0.93526,3.655,0.0764827 , 0.0764827 , 0
-0.93526,3.745,0.0720365 , 0.0720365 , 0
-0.93526,3.835,0.0675235 , 0.0675235 , 0
-0.93526,3.925,0.0629512 , 0.0629512 , 0
-0.93526,4.015,0.0583626 , 0.0583626 , 0
-0.93526,4.105,0.0538373 , 0.0538373 , 0
-0.93526,4.195,0.0494889 , 0.0494889 , 0
-0.93526,4.285,0.0454081 , 0.0454081 , 0
-0.93526,4.375,0.0416707 , 0.0416707 , 0
-0.93526,4.465,0.0383312 , 0.0383312 , 0
-0.93526,4.555,0.0353984 , 0.0353984 , 0
-0.93526,4.645,0.0329038 , 0.0329038 , 0
-0.93526,4.735,0.0308353 , 0.0308353 , 0
-0.93526,4.825,0.0291641 , 0.0291641 , 0
-0.93526,4.915,0.02785 , 0.02785 , 0
-0.93526,5.005,0.026846 , 0.026846 , 0
-0.93526,5.095,0.0260858 , 0.0260858 , 0
-0.93526,5.185,0.0255363 , 0.0255363 , 0
-0.93526,5.275,0.0251508 , 0.0251508 , 0
-0.93526,5.365,0.0248856 , 0.0248856 , 0
-0.93526,5.455,0.0247018 , 0.0247018 , 0
-0.93526,5.545,0.0245661 , 0.0245661 , 0
-0.93526,5.635,0.0244501 , 0.0244501 , 0
-0.93526,5.725,0.0243262 , 0.0243262 , 0
-0.93526,5.815,0.024184 , 0.024184 , 0
-0.93526,5.905,0.0240113 , 0.0240113 , 0
-0.93526,5.995,0.0238002 , 0.0238002 , 0
-0.93526,6.085,0.0235459 , 0.0235459 , 0
-0.93526,6.175,0.0232466 , 0.0232466 , 0
-0.93526,6.265,0.0229024 , 0.0229024 , 0
-0.93526,6.355,0.0225106 , 0.0225106 , 0
-0.93526,6.445,0.0220748 , 0.0220748 , 0
-0.93526,6.535,0.0216038 , 0.0216038 , 0
-0.93526,6.625,0.021102 , 0.021102 , 0
-0.93526,6.715,0.0205746 , 0.0205746 , 0
-0.93526,6.805,0.0200263 , 0.0200263 , 0
-0.93526,6.895,0.0194621 , 0.0194621 , 0
-0.93526,6.985,0.0188865 , 0.0188865 , 0
-0.93526,7.075,0.018304 , 0.018304 , 0
-0.93526,7.165,0.0177169 , 0.0177169 , 0
-0.93526,7.255,0.0171304 , 0.0171304 , 0
-0.93526,7.345,0.0165477 , 0.0165477 , 0
-0.93526,7.435,0.0159717 , 0.0159717 , 0
-0.93526,7.525,0.0154047 , 0.0154047 , 0
-0.93526,7.615,0.0148488 , 0.0148488 , 0
-0.93526,7.705,0.0143058 , 0.0143058 , 0
-0.93526,7.795,0.013777 , 0.013777 , 0
-0.93526,7.885,0.0132634 , 0.0132634 , 0
-0.93526,7.975,0.0127651 , 0.0127651 , 0
-0.93526,8.065,0.0122816 , 0.0122816 , 0
-0.93526,8.155,0.0118151 , 0.0118151 , 0
-0.93526,8.245,0.0113659 , 0.0113659 , 0
-0.93526,8.335,0.010934 , 0.010934 , 0
-0.93526,8.425,0.0105194 , 0.0105194 , 0
-0.93526,8.515,0.010122 , 0.010122 , 0
-0.93526,8.605,0.00974152 , 0.00974152 , 0
-0.93526,8.695,0.00937757 , 0.00937757 , 0
-0.93526,8.785,0.0090298 , 0.0090298 , 0
-0.93526,8.875,0.00869774 , 0.00869774 , 0
-0.93526,8.965,0.00838118 , 0.00838118 , 0
-0.93526,9.055,0.00807962 , 0.00807962 , 0
-0.93526,9.145,0.00779235 , 0.00779235 , 0
-0.93526,9.235,0.00751878 , 0.00751878 , 0
-0.93526,9.325,0.00725834 , 0.00725834 , 0
-0.93526,9.415,0.00701046 , 0.00701046 , 0
-0.93526,9.505,0.00677457 , 0.00677457 , 0
-0.93526,9.595,0.00655009 , 0.00655009 , 0
-0.93526,9.685,0.00633649 , 0.00633649 , 0
-0.93526,9.775,0.00613322 , 0.00613322 , 0
-0.93526,9.865,0.00593977 , 0.00593977 , 0
-0.93526,9.955,0.00575562 , 0.00575562 , 0
-0.931616,1.045,0.676909 , 0.676909 , 0
-0.931616,1.135,0.579524 , 0.579524 , 0
-0.931616,1.225,0.485763 , 0.485763 , 0
-0.931616,1.315,0.408639 , 0.408639 , 0
-0.931616,1.405,0.396685 , 0.396685 , 0
-0.931616,1.495,0.32961 , 0.32961 , 0
-0.931616,1.585,0.314246 , 0.314246 , 0
-0.931616,1.675,0.283867 , 0.283867 , 0
-0.931616,1.765,0.252023 , 0.252023 , 0
-0.931616,1.855,0.233362 , 0.233362 , 0
-0.931616,1.945,0.206402 , 0.206402 , 0
-0.931616,2.035,0.185238 , 0.185238 , 0
-0.931616,2.125,0.174317 , 0.174317 , 0
-0.931616,2.215,0.164133 , 0.164133 , 0
-0.931616,2.305,0.151637 , 0.151637 , 0
-0.931616,2.395,0.141199 , 0.141199 , 0
-0.931616,2.485,0.135507 , 0.135507 , 0
-0.931616,2.575,0.133176 , 0.133176 , 0
-0.931616,2.665,0.131581 , 0.131581 , 0
-0.931616,2.755,0.128834 , 0.128834 , 0
-0.931616,2.845,0.124323 , 0.124323 , 0
-0.931616,2.935,0.118373 , 0.118373 , 0
-0.931616,3.025,0.111805 , 0.111805 , 0
-0.931616,3.115,0.105268 , 0.105268 , 0
-0.931616,3.205,0.099136 , 0.099136 , 0
-0.931616,3.295,0.0936012 , 0.0936012 , 0
-0.931616,3.385,0.0887106 , 0.0887106 , 0
-0.931616,3.475,0.0843203 , 0.0843203 , 0
-0.931616,3.565,0.0802217 , 0.0802217 , 0
-0.931616,3.655,0.0761914 , 0.0761914 , 0
-0.931616,3.745,0.0721434 , 0.0721434 , 0
-0.931616,3.835,0.0679961 , 0.0679961 , 0
-0.931616,3.925,0.0637338 , 0.0637338 , 0
-0.931616,4.015,0.0593836 , 0.0593836 , 0
-0.931616,4.105,0.0550172 , 0.0550172 , 0
-0.931616,4.195,0.0507482 , 0.0507482 , 0
-0.931616,4.285,0.0466718 , 0.0466718 , 0
-0.931616,4.375,0.0428726 , 0.0428726 , 0
-0.931616,4.465,0.0394163 , 0.0394163 , 0
-0.931616,4.555,0.0363238 , 0.0363238 , 0
-0.931616,4.645,0.0336405 , 0.0336405 , 0
-0.931616,4.735,0.0313667 , 0.0313667 , 0
-0.931616,4.825,0.0294849 , 0.0294849 , 0
-0.931616,4.915,0.0279647 , 0.0279647 , 0
-0.931616,5.005,0.0267666 , 0.0267666 , 0
-0.931616,5.095,0.0258301 , 0.0258301 , 0
-0.931616,5.185,0.0251261 , 0.0251261 , 0
-0.931616,5.275,0.0246106 , 0.0246106 , 0
-0.931616,5.365,0.0242408 , 0.0242408 , 0
-0.931616,5.455,0.0239778 , 0.0239778 , 0
-0.931616,5.545,0.0237874 , 0.0237874 , 0
-0.931616,5.635,0.0236397 , 0.0236397 , 0
-0.931616,5.725,0.0235057 , 0.0235057 , 0
-0.931616,5.815,0.0233715 , 0.0233715 , 0
-0.931616,5.905,0.0232224 , 0.0232224 , 0
-0.931616,5.995,0.0230478 , 0.0230478 , 0
-0.931616,6.085,0.0228405 , 0.0228405 , 0
-0.931616,6.175,0.0225961 , 0.0225961 , 0
-0.931616,6.265,0.0223128 , 0.0223128 , 0
-0.931616,6.355,0.021986 , 0.021986 , 0
-0.931616,6.445,0.0216174 , 0.0216174 , 0
-0.931616,6.535,0.0212143 , 0.0212143 , 0
-0.931616,6.625,0.02078 , 0.02078 , 0
-0.931616,6.715,0.0203183 , 0.0203183 , 0
-0.931616,6.805,0.0198334 , 0.0198334 , 0
-0.931616,6.895,0.0193294 , 0.0193294 , 0
-0.931616,6.985,0.0188106 , 0.0188106 , 0
-0.931616,7.075,0.0182809 , 0.0182809 , 0
-0.931616,7.165,0.0177421 , 0.0177421 , 0
-0.931616,7.255,0.0171996 , 0.0171996 , 0
-0.931616,7.345,0.0166568 , 0.0166568 , 0
-0.931616,7.435,0.0161165 , 0.0161165 , 0
-0.931616,7.525,0.0155812 , 0.0155812 , 0
-0.931616,7.615,0.015053 , 0.015053 , 0
-0.931616,7.705,0.014534 , 0.014534 , 0
-0.931616,7.795,0.0140256 , 0.0140256 , 0
-0.931616,7.885,0.0135292 , 0.0135292 , 0
-0.931616,7.975,0.013045 , 0.013045 , 0
-0.931616,8.065,0.0125729 , 0.0125729 , 0
-0.931616,8.155,0.0121153 , 0.0121153 , 0
-0.931616,8.245,0.0116726 , 0.0116726 , 0
-0.931616,8.335,0.011245 , 0.011245 , 0
-0.931616,8.425,0.0108328 , 0.0108328 , 0
-0.931616,8.515,0.010436 , 0.010436 , 0
-0.931616,8.605,0.0100545 , 0.0100545 , 0
-0.931616,8.695,0.00968826 , 0.00968826 , 0
-0.931616,8.785,0.00933695 , 0.00933695 , 0
-0.931616,8.875,0.00900031 , 0.00900031 , 0
-0.931616,8.965,0.00867817 , 0.00867817 , 0
-0.931616,9.055,0.0083702 , 0.0083702 , 0
-0.931616,9.145,0.00807586 , 0.00807586 , 0
-0.931616,9.235,0.00779469 , 0.00779469 , 0
-0.931616,9.325,0.00752623 , 0.00752623 , 0
-0.931616,9.415,0.00726998 , 0.00726998 , 0
-0.931616,9.505,0.00702546 , 0.00702546 , 0
-0.931616,9.595,0.00679219 , 0.00679219 , 0
-0.931616,9.685,0.00656967 , 0.00656967 , 0
-0.931616,9.775,0.00635743 , 0.00635743 , 0
-0.931616,9.865,0.00615499 , 0.00615499 , 0
-0.931616,9.955,0.00596191 , 0.00596191 , 0
-0.927972,1.045,0.67687 , 0.67687 , 0
-0.927972,1.135,0.580181 , 0.580181 , 0
-0.927972,1.225,0.486519 , 0.486519 , 0
-0.927972,1.315,0.40664 , 0.40664 , 0
-0.927972,1.405,0.397801 , 0.397801 , 0
-0.927972,1.495,0.327348 , 0.327348 , 0
-0.927972,1.585,0.315993 , 0.315993 , 0
-0.927972,1.675,0.284416 , 0.284416 , 0
-0.927972,1.765,0.251159 , 0.251159 , 0
-0.927972,1.855,0.233156 , 0.233156 , 0
-0.927972,1.945,0.206606 , 0.206606 , 0
-0.927972,2.035,0.185559 , 0.185559 , 0
-0.927972,2.125,0.174702 , 0.174702 , 0
-0.927972,2.215,0.164257 , 0.164257 , 0
-0.927972,2.305,0.151415 , 0.151415 , 0
-0.927972,2.395,0.141082 , 0.141082 , 0
-0.927972,2.485,0.136022 , 0.136022 , 0
-0.927972,2.575,0.134424 , 0.134424 , 0
-0.927972,2.665,0.133192 , 0.133192 , 0
-0.927972,2.755,0.13026 , 0.13026 , 0
-0.927972,2.845,0.125137 , 0.125137 , 0
-0.927972,2.935,0.118407 , 0.118407 , 0
-0.927972,3.025,0.111128 , 0.111128 , 0
-0.927972,3.115,0.104088 , 0.104088 , 0
-0.927972,3.205,0.0977041 , 0.0977041 , 0
-0.927972,3.295,0.0921448 , 0.0921448 , 0
-0.927972,3.385,0.0874063 , 0.0874063 , 0
-0.927972,3.475,0.0832885 , 0.0832885 , 0
-0.927972,3.565,0.0795326 , 0.0795326 , 0
-0.927972,3.655,0.0758746 , 0.0758746 , 0
-0.927972,3.745,0.0721982 , 0.0721982 , 0
-0.927972,3.835,0.0683975 , 0.0683975 , 0
-0.927972,3.925,0.0644376 , 0.0644376 , 0
-0.927972,4.015,0.0603316 , 0.0603316 , 0
-0.927972,4.105,0.0561422 , 0.0561422 , 0
-0.927972,4.195,0.0519806 , 0.0519806 , 0
-0.927972,4.285,0.0479432 , 0.0479432 , 0
-0.927972,4.375,0.0441196 , 0.0441196 , 0
-0.927972,4.465,0.0405837 , 0.0405837 , 0
-0.927972,4.555,0.0373656 , 0.0373656 , 0
-0.927972,4.645,0.0345228 , 0.0345228 , 0
-0.927972,4.735,0.0320669 , 0.0320669 , 0
-0.927972,4.825,0.0299911 , 0.0299911 , 0
-0.927972,4.915,0.0282746 , 0.0282746 , 0
-0.927972,5.005,0.026886 , 0.026886 , 0
-0.927972,5.095,0.025771 , 0.025771 , 0
-0.927972,5.185,0.0249055 , 0.0249055 , 0
-0.927972,5.275,0.0242488 , 0.0242488 , 0
-0.927972,5.365,0.0237602 , 0.0237602 , 0
-0.927972,5.455,0.0234014 , 0.0234014 , 0
-0.927972,5.545,0.0231381 , 0.0231381 , 0
-0.927972,5.635,0.0229397 , 0.0229397 , 0
-0.927972,5.725,0.0227766 , 0.0227766 , 0
-0.927972,5.815,0.0226317 , 0.0226317 , 0
-0.927972,5.905,0.0224882 , 0.0224882 , 0
-0.927972,5.995,0.0223331 , 0.0223331 , 0
-0.927972,6.085,0.0221569 , 0.0221569 , 0
-0.927972,6.175,0.0219532 , 0.0219532 , 0
-0.927972,6.265,0.021718 , 0.021718 , 0
-0.927972,6.355,0.0214449 , 0.0214449 , 0
-0.927972,6.445,0.0211338 , 0.0211338 , 0
-0.927972,6.535,0.0207904 , 0.0207904 , 0
-0.927972,6.625,0.0204167 , 0.0204167 , 0
-0.927972,6.715,0.0200153 , 0.0200153 , 0
-0.927972,6.805,0.0195895 , 0.0195895 , 0
-0.927972,6.895,0.0191427 , 0.0191427 , 0
-0.927972,6.985,0.0186785 , 0.0186785 , 0
-0.927972,7.075,0.0182004 , 0.0182004 , 0
-0.927972,7.165,0.0177094 , 0.0177094 , 0
-0.927972,7.255,0.0172112 , 0.0172112 , 0
-0.927972,7.345,0.0167091 , 0.0167091 , 0
-0.927972,7.435,0.0162058 , 0.0162058 , 0
-0.927972,7.525,0.0157038 , 0.0157038 , 0
-0.927972,7.615,0.0152055 , 0.0152055 , 0
-0.927972,7.705,0.0147127 , 0.0147127 , 0
-0.927972,7.795,0.0142274 , 0.0142274 , 0
-0.927972,7.885,0.0137508 , 0.0137508 , 0
-0.927972,7.975,0.0132835 , 0.0132835 , 0
-0.927972,8.065,0.0128257 , 0.0128257 , 0
-0.927972,8.155,0.0123797 , 0.0123797 , 0
-0.927972,8.245,0.0119463 , 0.0119463 , 0
-0.927972,8.335,0.0115258 , 0.0115258 , 0
-0.927972,8.425,0.0111187 , 0.0111187 , 0
-0.927972,8.515,0.0107252 , 0.0107252 , 0
-0.927972,8.605,0.0103454 , 0.0103454 , 0
-0.927972,8.695,0.00997929 , 0.00997929 , 0
-0.927972,8.785,0.00962686 , 0.00962686 , 0
-0.927972,8.875,0.00928793 , 0.00928793 , 0
-0.927972,8.965,0.00896243 , 0.00896243 , 0
-0.927972,9.055,0.00865014 , 0.00865014 , 0
-0.927972,9.145,0.00835072 , 0.00835072 , 0
-0.927972,9.235,0.00806382 , 0.00806382 , 0
-0.927972,9.325,0.00778907 , 0.00778907 , 0
-0.927972,9.415,0.00752607 , 0.00752607 , 0
-0.927972,9.505,0.00727444 , 0.00727444 , 0
-0.927972,9.595,0.00703376 , 0.00703376 , 0
-0.927972,9.685,0.00680362 , 0.00680362 , 0
-0.927972,9.775,0.00658359 , 0.00658359 , 0
-0.927972,9.865,0.00637327 , 0.00637327 , 0
-0.927972,9.955,0.00617224 , 0.00617224 , 0
-0.924328,1.045,0.676014 , 0.676014 , 0
-0.924328,1.135,0.582533 , 0.582533 , 0
-0.924328,1.225,0.487069 , 0.487069 , 0
-0.924328,1.315,0.405574 , 0.405574 , 0
-0.924328,1.405,0.398883 , 0.398883 , 0
-0.924328,1.495,0.325188 , 0.325188 , 0
-0.924328,1.585,0.31844 , 0.31844 , 0
-0.924328,1.675,0.284605 , 0.284605 , 0
-0.924328,1.765,0.250329 , 0.250329 , 0
-0.924328,1.855,0.233407 , 0.233407 , 0
-0.924328,1.945,0.206992 , 0.206992 , 0
-0.924328,2.035,0.185913 , 0.185913 , 0
-0.924328,2.125,0.17515 , 0.17515 , 0
-0.924328,2.215,0.164435 , 0.164435 , 0
-0.924328,2.305,0.151244 , 0.151244 , 0
-0.924328,2.395,0.141083 , 0.141083 , 0
-0.924328,2.485,0.136724 , 0.136724 , 0
-0.924328,2.575,0.13583 , 0.13583 , 0
-0.924328,2.665,0.134826 , 0.134826 , 0
-0.924328,2.755,0.131536 , 0.131536 , 0
-0.924328,2.845,0.125666 , 0.125666 , 0
-0.924328,2.935,0.118098 , 0.118098 , 0
-0.924328,3.025,0.110128 , 0.110128 , 0
-0.924328,3.115,0.102651 , 0.102651 , 0
-0.924328,3.205,0.0960898 , 0.0960898 , 0
-0.924328,3.295,0.0905676 , 0.0905676 , 0
-0.924328,3.385,0.0860176 , 0.0860176 , 0
-0.924328,3.475,0.0821842 , 0.0821842 , 0
-0.924328,3.565,0.0787664 , 0.0787664 , 0
-0.924328,3.655,0.0754695 , 0.0754695 , 0
-0.924328,3.745,0.0721563 , 0.0721563 , 0
-0.924328,3.835,0.068702 , 0.068702 , 0
-0.924328,3.925,0.065056 , 0.065056 , 0
-0.924328,4.015,0.0612171 , 0.0612171 , 0
-0.924328,4.105,0.0572369 , 0.0572369 , 0
-0.924328,4.195,0.0532208 , 0.0532208 , 0
-0.924328,4.285,0.049263 , 0.049263 , 0
-0.924328,4.375,0.0454548 , 0.0454548 , 0
-0.924328,4.465,0.0418754 , 0.0418754 , 0
-0.924328,4.555,0.0385622 , 0.0385622 , 0
-0.924328,4.645,0.0355834 , 0.0355834 , 0
-0.924328,4.735,0.0329616 , 0.0329616 , 0
-0.924328,4.825,0.0307004 , 0.0307004 , 0
-0.924328,4.915,0.0287892 , 0.0287892 , 0
-0.924328,5.005,0.0272055 , 0.0272055 , 0
-0.924328,5.095,0.0259024 , 0.0259024 , 0
-0.924328,5.185,0.0248614 , 0.0248614 , 0
-0.924328,5.275,0.0240463 , 0.0240463 , 0
-0.924328,5.365,0.0234193 , 0.0234193 , 0
-0.924328,5.455,0.022944 , 0.022944 , 0
-0.924328,5.545,0.0225867 , 0.0225867 , 0
-0.924328,5.635,0.0223164 , 0.0223164 , 0
-0.924328,5.725,0.0221036 , 0.0221036 , 0
-0.924328,5.815,0.0219284 , 0.0219284 , 0
-0.924328,5.905,0.0217723 , 0.0217723 , 0
-0.924328,5.995,0.0216202 , 0.0216202 , 0
-0.924328,6.085,0.0214605 , 0.0214605 , 0
-0.924328,6.175,0.0212844 , 0.0212844 , 0
-0.924328,6.265,0.0210859 , 0.0210859 , 0
-0.924328,6.355,0.0208569 , 0.0208569 , 0
-0.924328,6.445,0.0205955 , 0.0205955 , 0
-0.924328,6.535,0.0203054 , 0.0203054 , 0
-0.924328,6.625,0.0199874 , 0.0199874 , 0
-0.924328,6.715,0.0196428 , 0.0196428 , 0
-0.924328,6.805,0.0192737 , 0.0192737 , 0
-0.924328,6.895,0.0188828 , 0.0188828 , 0
-0.924328,6.985,0.0184729 , 0.0184729 , 0
-0.924328,7.075,0.018047 , 0.018047 , 0
-0.924328,7.165,0.0176049 , 0.0176049 , 0
-0.924328,7.255,0.0171528 , 0.0171528 , 0
-0.924328,7.345,0.0166936 , 0.0166936 , 0
-0.924328,7.435,0.0162299 , 0.0162299 , 0
-0.924328,7.525,0.0157643 , 0.0157643 , 0
-0.924328,7.615,0.015299 , 0.015299 , 0
-0.924328,7.705,0.0148359 , 0.0148359 , 0
-0.924328,7.795,0.014377 , 0.014377 , 0
-0.924328,7.885,0.0139238 , 0.0139238 , 0
-0.924328,7.975,0.0134769 , 0.0134769 , 0
-0.924328,8.065,0.0130368 , 0.0130368 , 0
-0.924328,8.155,0.0126059 , 0.0126059 , 0
-0.924328,8.245,0.0121851 , 0.0121851 , 0
-0.924328,8.335,0.0117751 , 0.0117751 , 0
-0.924328,8.425,0.0113762 , 0.0113762 , 0
-0.924328,8.515,0.0109891 , 0.0109891 , 0
-0.924328,8.605,0.0106139 , 0.0106139 , 0
-0.924328,8.695,0.0102507 , 0.0102507 , 0
-0.924328,8.785,0.00989983 , 0.00989983 , 0
-0.924328,8.875,0.00956114 , 0.00956114 , 0
-0.924328,8.965,0.00923464 , 0.00923464 , 0
-0.924328,9.055,0.0089203 , 0.0089203 , 0
-0.924328,9.145,0.0086179 , 0.0086179 , 0
-0.924328,9.235,0.00832722 , 0.00832722 , 0
-0.924328,9.325,0.00804801 , 0.00804801 , 0
-0.924328,9.415,0.00777996 , 0.00777996 , 0
-0.924328,9.505,0.00752277 , 0.00752277 , 0
-0.924328,9.595,0.00727612 , 0.00727612 , 0
-0.924328,9.685,0.00703966 , 0.00703966 , 0
-0.924328,9.775,0.00681304 , 0.00681304 , 0
-0.924328,9.865,0.00659592 , 0.00659592 , 0
-0.924328,9.955,0.00638794 , 0.00638794 , 0
-0.920684,1.045,0.672968 , 0.672968 , 0
-0.920684,1.135,0.586075 , 0.586075 , 0
-0.920684,1.225,0.48788 , 0.48788 , 0
-0.920684,1.315,0.40502 , 0.40502 , 0
-0.920684,1.405,0.399728 , 0.399728 , 0
-0.920684,1.495,0.323474 , 0.323474 , 0
-0.920684,1.585,0.321288 , 0.321288 , 0
-0.920684,1.675,0.284051 , 0.284051 , 0
-0.920684,1.765,0.249628 , 0.249628 , 0
-0.920684,1.855,0.234085 , 0.234085 , 0
-0.920684,1.945,0.207489 , 0.207489 , 0
-0.920684,2.035,0.186319 , 0.186319 , 0
-0.920684,2.125,0.175671 , 0.175671 , 0
-0.920684,2.215,0.164651 , 0.164651 , 0
-0.920684,2.305,0.151157 , 0.151157 , 0
-0.920684,2.395,0.1413 , 0.1413 , 0
-0.920684,2.485,0.137716 , 0.137716 , 0
-0.920684,2.575,0.137456 , 0.137456 , 0
-0.920684,2.665,0.136506 , 0.136506 , 0
-0.920684,2.755,0.132681 , 0.132681 , 0
-0.920684,2.845,0.125963 , 0.125963 , 0
-0.920684,2.935,0.117553 , 0.117553 , 0
-0.920684,3.025,0.108955 , 0.108955 , 0
-0.920684,3.115,0.101131 , 0.101131 , 0
-0.920684,3.205,0.0944752 , 0.0944752 , 0
-0.920684,3.295,0.0890404 , 0.0890404 , 0
-0.920684,3.385,0.0846936 , 0.0846936 , 0
-0.920684,3.475,0.0811296 , 0.0811296 , 0
-0.920684,3.565,0.078017 , 0.078017 , 0
-0.920684,3.655,0.0750426 , 0.0750426 , 0
-0.920684,3.745,0.0720577 , 0.0720577 , 0
-0.920684,3.835,0.0689258 , 0.0689258 , 0
-0.920684,3.925,0.0655834 , 0.0655834 , 0
-0.920684,4.015,0.0620154 , 0.0620154 , 0
-0.920684,4.105,0.0582609 , 0.0582609 , 0
-0.920684,4.195,0.0544167 , 0.0544167 , 0
-0.920684,4.285,0.0505711 , 0.0505711 , 0
-0.920684,4.375,0.0468139 , 0.0468139 , 0
-0.920684,4.465,0.0432269 , 0.0432269 , 0
-0.920684,4.555,0.0398522 , 0.0398522 , 0
-0.920684,4.645,0.0367672 , 0.0367672 , 0
-0.920684,4.735,0.0340038 , 0.0340038 , 0
-0.920684,4.825,0.0315762 , 0.0315762 , 0
-0.920684,4.915,0.0294832 , 0.0294832 , 0
-0.920684,5.005,0.0277115 , 0.0277115 , 0
-0.920684,5.095,0.0262222 , 0.0262222 , 0
-0.920684,5.185,0.025003 , 0.025003 , 0
-0.920684,5.275,0.0240228 , 0.0240228 , 0
-0.920684,5.365,0.0232475 , 0.0232475 , 0
-0.920684,5.455,0.022643 , 0.022643 , 0
-0.920684,5.545,0.022177 , 0.022177 , 0
-0.920684,5.635,0.0218189 , 0.0218189 , 0
-0.920684,5.725,0.0215397 , 0.0215397 , 0
-0.920684,5.815,0.0213175 , 0.0213175 , 0
-0.920684,5.905,0.0211321 , 0.0211321 , 0
-0.920684,5.995,0.0209668 , 0.0209668 , 0
-0.920684,6.085,0.020808 , 0.020808 , 0
-0.920684,6.175,0.0206451 , 0.0206451 , 0
-0.920684,6.265,0.02047 , 0.02047 , 0
-0.920684,6.355,0.0202729 , 0.0202729 , 0
-0.920684,6.445,0.0200501 , 0.0200501 , 0
-0.920684,6.535,0.0198037 , 0.0198037 , 0
-0.920684,6.625,0.0195328 , 0.0195328 , 0
-0.920684,6.715,0.0192377 , 0.0192377 , 0
-0.920684,6.805,0.0189192 , 0.0189192 , 0
-0.920684,6.895,0.0185792 , 0.0185792 , 0
-0.920684,6.985,0.0182195 , 0.0182195 , 0
-0.920684,7.075,0.0178425 , 0.0178425 , 0
-0.920684,7.165,0.017447 , 0.017447 , 0
-0.920684,7.255,0.0170394 , 0.0170394 , 0
-0.920684,7.345,0.0166222 , 0.0166222 , 0
-0.920684,7.435,0.0161979 , 0.0161979 , 0
-0.920684,7.525,0.0157688 , 0.0157688 , 0
-0.920684,7.615,0.0153371 , 0.0153371 , 0
-0.920684,7.705,0.0149048 , 0.0149048 , 0
-0.920684,7.795,0.0144737 , 0.0144737 , 0
-0.920684,7.885,0.0140455 , 0.0140455 , 0
-0.920684,7.975,0.0136208 , 0.0136208 , 0
-0.920684,8.065,0.0132005 , 0.0132005 , 0
-0.920684,8.155,0.0127869 , 0.0127869 , 0
-0.920684,8.245,0.0123809 , 0.0123809 , 0
-0.920684,8.335,0.0119836 , 0.0119836 , 0
-0.920684,8.425,0.0115954 , 0.0115954 , 0
-0.920684,8.515,0.0112169 , 0.0112169 , 0
-0.920684,8.605,0.0108486 , 0.0108486 , 0
-0.920684,8.695,0.0104908 , 0.0104908 , 0
-0.920684,8.785,0.0101437 , 0.0101437 , 0
-0.920684,8.875,0.00980753 , 0.00980753 , 0
-0.920684,8.965,0.00948227 , 0.00948227 , 0
-0.920684,9.055,0.00916804 , 0.00916804 , 0
-0.920684,9.145,0.00886476 , 0.00886476 , 0
-0.920684,9.235,0.00857232 , 0.00857232 , 0
-0.920684,9.325,0.00829057 , 0.00829057 , 0
-0.920684,9.415,0.00801931 , 0.00801931 , 0
-0.920684,9.505,0.00775832 , 0.00775832 , 0
-0.920684,9.595,0.00750735 , 0.00750735 , 0
-0.920684,9.685,0.00726615 , 0.00726615 , 0
-0.920684,9.775,0.00703443 , 0.00703443 , 0
-0.920684,9.865,0.00681191 , 0.00681191 , 0
-0.920684,9.955,0.00659828 , 0.00659828 , 0
-0.91704,1.045,0.667575 , 0.667604 , 0.00425003
-0.91704,1.135,0.589857 , 0.589812 , -0.00758038
-0.91704,1.225,0.489227 , 0.489163 , -0.0129782
-0.91704,1.315,0.405084 , 0.405046 , -0.00933527
-0.91704,1.405,0.400153 , 0.400164 , 0.0027207
-0.91704,1.495,0.322351 , 0.322372 , 0.00641521
-0.91704,1.585,0.324346 , 0.324364 , 0.00530954
-0.91704,1.675,0.28292 , 0.282913 , -0.00235092
-0.91704,1.765,0.249279 , 0.249261 , -0.00709813
-0.91704,1.855,0.235089 , 0.235052 , -0.0160358
-0.91704,1.945,0.20794 , 0.207914 , -0.012385
-0.91704,2.035,0.186726 , 0.18672 , -0.00291097
-0.91704,2.125,0.176265 , 0.17626 , -0.00287855
-0.91704,2.215,0.164905 , 0.164892 , -0.00807504
-0.91704,2.305,0.151134 , 0.151119 , -0.00999445
-0.91704,2.395,0.141677 , 0.141666 , -0.00749351
-0.91704,2.485,0.138899 , 0.138893 , -0.00398615
-0.91704,2.575,0.139166 , 0.139164 , -0.00158272
-0.91704,2.665,0.138083 , 0.138084 , 0.000126156
-0.91704,2.755,0.133558 , 0.13356 , 0.00190363
-0.91704,2.845,0.125913 , 0.125918 , 0.00382331
-0.91704,2.935,0.116677 , 0.116684 , 0.00547241
-0.91704,3.025,0.107529 , 0.107535 , 0.00640811
-0.91704,3.115,0.0994534 , 0.0994599 , 0.00648746
-0.91704,3.205,0.092781 , 0.0927865 , 0.00590961
-0.91704,3.295,0.0874796 , 0.087484 , 0.00501858
-0.91704,3.385,0.0833479 , 0.0833513 , 0.00405631
-0.91704,3.475,0.0800403 , 0.0800427 , 0.00306607
-0.91704,3.565,0.0772071 , 0.0772086 , 0.00191873
-0.91704,3.655,0.0745282 , 0.0745285 , 0.000416592
-0.91704,3.745,0.0718525 , 0.0718513 , -0.00161706
-0.91704,3.835,0.0690363 , 0.0690334 , -0.00425623
-0.91704,3.925,0.0660046 , 0.0659997 , -0.00747183
-0.91704,4.015,0.0627277 , 0.0627207 , -0.0111488
-0.91704,4.105,0.0592291 , 0.0592201 , -0.0151099
-0.91704,4.195,0.0555934 , 0.0555828 , -0.0191331
-0.91704,4.285,0.0518999 , 0.051888 , -0.0229771
-0.91704,4.375,0.0482336 , 0.0482208 , -0.0263931
-0.91704,4.465,0.0446761 , 0.0446631 , -0.0291375
-0.91704,4.555,0.0412721 , 0.0412593 , -0.0310028
-0.91704,4.645,0.0381073 , 0.0380952 , -0.0317791
-0.91704,4.735,0.0352224 , 0.0352113 , -0.0313229
-0.91704,4.825,0.0326414 , 0.0326318 , -0.0295612
-0.91704,4.915,0.0303735 , 0.0303654 , -0.026507
-0.91704,5.005,0.0284147 , 0.0284084 , -0.0222688
-0.91704,5.095,0.0267349 , 0.0267304 , -0.0170607
-0.91704,5.185,0.0253289 , 0.0253261 , -0.0111327
-0.91704,5.275,0.0241715 , 0.0241704 , -0.00480559
-0.91704,5.365,0.023233 , 0.0232334 , 0.00158617
-0.91704,5.455,0.0224827 , 0.0224844 , 0.00773219
-0.91704,5.545,0.02189 , 0.0218929 , 0.0133746
-0.91704,5.635,0.0214256 , 0.0214295 , 0.0183219
-0.91704,5.725,0.0210613 , 0.021066 , 0.0224419
-0.91704,5.815,0.0207736 , 0.0207789 , 0.0257036
-0.91704,5.905,0.0205413 , 0.0205471 , 0.0281147
-0.91704,5.995,0.0203461 , 0.0203521 , 0.0297225
-0.91704,6.085,0.0201727 , 0.0201789 , 0.0305991
-0.91704,6.175,0.0200087 , 0.0200149 , 0.0308298
-0.91704,6.265,0.0198442 , 0.0198502 , 0.0305045
-0.91704,6.355,0.0196674 , 0.0196733 , 0.0297108
-0.91704,6.445,0.0194731 , 0.0194787 , 0.0285306
-0.91704,6.535,0.0192617 , 0.0192669 , 0.0270377
-0.91704,6.625,0.0190306 , 0.0190354 , 0.0252972
-0.91704,6.715,0.0187788 , 0.0187832 , 0.0233656
-0.91704,6.805,0.0185061 , 0.01851 , 0.0212915
-0.91704,6.895,0.018213 , 0.0182165 , 0.0191157
-0.91704,6.985,0.0179007 , 0.0179038 , 0.0168725
-0.91704,7.075,0.0175708 , 0.0175733 , 0.0145907
-0.91704,7.165,0.0172208 , 0.0172229 , 0.0123
-0.91704,7.255,0.0168572 , 0.0168589 , 0.0100115
-0.91704,7.345,0.0164822 , 0.0164835 , 0.00774127
-0.91704,7.435,0.016098 , 0.0160989 , 0.0055027
-0.91704,7.525,0.0157067 , 0.0157072 , 0.00330672
-0.91704,7.615,0.0153102 , 0.0153104 , 0.00116221
-0.91704,7.705,0.0149105 , 0.0149104 , -0.000923648
-0.91704,7.795,0.0145095 , 0.014509 , -0.00294511
-0.91704,7.885,0.0141087 , 0.014108 , -0.00489761
-0.91704,7.975,0.0137089 , 0.013708 , -0.00677995
-0.91704,8.065,0.0133109 , 0.0133097 , -0.00859346
-0.91704,8.155,0.0129172 , 0.0129159 , -0.0103325
-0.91704,8.245,0.012529 , 0.0125275 , -0.0119953
-0.91704,8.335,0.0121471 , 0.0121455 , -0.0135807
-0.91704,8.425,0.0117724 , 0.0117706 , -0.0150878
-0.91704,8.515,0.0114054 , 0.0114035 , -0.0165164
-0.91704,8.605,0.0110468 , 0.0110448 , -0.0178663
-0.91704,8.695,0.010697 , 0.010695 , -0.0191377
-0.91704,8.785,0.0103564 , 0.0103543 , -0.0203309
-0.91704,8.875,0.0100252 , 0.0100231 , -0.0214467
-0.91704,8.965,0.00970368 , 0.0097015 , -0.0224801
-0.91704,9.055,0.00939196 , 0.00938976 , -0.0234332
-0.91704,9.145,0.00909011 , 0.0090879 , -0.0243111
-0.91704,9.235,0.00879812 , 0.00879591 , -0.0251149
-0.91704,9.325,0.00851593 , 0.00851373 , -0.0258462
-0.91704,9.415,0.00824345 , 0.00824126 , -0.0265066
-0.91704,9.505,0.00798054 , 0.00797838 , -0.0270976
-0.91704,9.595,0.00772706 , 0.00772492 , -0.027621
-0.91704,9.685,0.0074828 , 0.0074807 , -0.0280785
-0.91704,9.775,0.00724756 , 0.00724549 , -0.0284722
-0.91704,9.865,0.00702112 , 0.00701909 , -0.0288039
-0.91704,9.955,0.00680324 , 0.00680126 , -0.0290757
-0.913396,1.045,0.659243 , 0.659291 , 0.00725177
-0.913396,1.135,0.592681 , 0.592481 , -0.0336801
-0.913396,1.225,0.491388 , 0.49119 , -0.0404031
-0.913396,1.315,0.405388 , 0.405317 , -0.0173777
-0.913396,1.405,0.400035 , 0.400078 , 0.0107183
-0.913396,1.495,0.322113 , 0.322169 , 0.0174594
-0.913396,1.585,0.327116 , 0.327145 , 0.00887257
-0.913396,1.675,0.281079 , 0.281047 , -0.0114923
-0.913396,1.765,0.249371 , 0.249302 , -0.0277931
-0.913396,1.855,0.236298 , 0.236178 , -0.0508782
-0.913396,1.945,0.208299 , 0.208226 , -0.0352421
-0.913396,2.035,0.187169 , 0.187158 , -0.00607928
-0.913396,2.125,0.176912 , 0.176901 , -0.00629092
-0.913396,2.215,0.165157 , 0.165122 , -0.0215054
-0.913396,2.305,0.151197 , 0.151154 , -0.028007
-0.913396,2.395,0.142285 , 0.142253 , -0.0228007
-0.913396,2.485,0.140333 , 0.140312 , -0.0144642
-0.913396,2.575,0.140985 , 0.140974 , -0.00794392
-0.913396,2.665,0.139568 , 0.139565 , -0.00227702
-0.913396,2.755,0.134198 , 0.134204 , 0.00388804
-0.913396,2.845,0.125596 , 0.125608 , 0.0100886
-0.913396,2.935,0.115597 , 0.115614 , 0.0148369
-0.913396,3.025,0.106004 , 0.106022 , 0.0169313
-0.913396,3.115,0.0977808 , 0.0977968 , 0.0163565
-0.913396,3.205,0.0911619 , 0.0911749 , 0.0142027
-0.913396,3.295,0.0860216 , 0.0860318 , 0.0118325
-0.913396,3.385,0.0820957 , 0.0821039 , 0.0100029
-0.913396,3.475,0.0790109 , 0.0790177 , 0.00861316
-0.913396,3.565,0.0764128 , 0.0764181 , 0.00692762
-0.913396,3.655,0.0739854 , 0.0739884 , 0.00402607
-0.913396,3.745,0.071583 , 0.0715823 , -0.000864845
-0.913396,3.835,0.0690588 , 0.0690532 , -0.00809417
-0.913396,3.925,0.0663279 , 0.0663162 , -0.0176045
-0.913396,4.015,0.0633449 , 0.0633265 , -0.0290171
-0.913396,4.105,0.060116 , 0.0600909 , -0.0417394
-0.913396,4.195,0.0567113 , 0.0566801 , -0.0550392
-0.913396,4.285,0.0531978 , 0.0531616 , -0.0681363
-0.913396,4.375,0.0496534 , 0.0496135 , -0.0802442
-0.913396,4.465,0.0461571 , 0.0461153 , -0.0906026
-0.913396,4.555,0.0427544 , 0.0427123 , -0.098561
-0.913396,4.645,0.0395376 , 0.0394967 , -0.103448
-0.913396,4.735,0.0365555 , 0.0365172 , -0.104763
-0.913396,4.825,0.0338412 , 0.0338066 , -0.102174
-0.913396,4.915,0.0314137 , 0.0313836 , -0.0955683
-0.913396,5.005,0.0292786 , 0.0292537 , -0.0850857
-0.913396,5.095,0.0274147 , 0.0273951 , -0.0711913
-0.913396,5.185,0.025824 , 0.0258099 , -0.0544549
-0.913396,5.275,0.0244877 , 0.024479 , -0.0357214
-0.913396,5.365,0.0233812 , 0.0233775 , -0.0159575
-0.913396,5.455,0.0224773 , 0.0224782 , 0.00385685
-0.913396,5.545,0.021748 , 0.021753 , 0.022825
-0.913396,5.635,0.0211657 , 0.0211742 , 0.0402026
-0.913396,5.725,0.0207032 , 0.0207147 , 0.0554059
-0.913396,5.815,0.0203362 , 0.0203501 , 0.0681531
-0.913396,5.905,0.0200427 , 0.0200584 , 0.0783166
-0.913396,5.995,0.0198033 , 0.0198203 , 0.085924
-0.913396,6.085,0.0196012 , 0.019619 , 0.0911156
-0.913396,6.175,0.0194224 , 0.0194406 , 0.0941044
-0.913396,6.265,0.0192553 , 0.0192736 , 0.0951426
-0.913396,6.355,0.0190865 , 0.0191045 , 0.0944996
-0.913396,6.445,0.0189091 , 0.0189266 , 0.092435
-0.913396,6.535,0.0187219 , 0.0187386 , 0.0891885
-0.913396,6.625,0.018521 , 0.0185367 , 0.0849813
-0.913396,6.715,0.0183039 , 0.0183185 , 0.0800095
-0.913396,6.805,0.0180692 , 0.0180826 , 0.0744434
-0.913396,6.895,0.0178164 , 0.0178286 , 0.0684293
-0.913396,6.985,0.0175457 , 0.0175566 , 0.0620912
-0.913396,7.075,0.0172579 , 0.0172674 , 0.0555332
-0.913396,7.165,0.0169493 , 0.0169576 , 0.0488691
-0.913396,7.255,0.0166264 , 0.0166334 , 0.0421368
-0.913396,7.345,0.016291 , 0.0162968 , 0.035395
-0.913396,7.435,0.015945 , 0.0159496 , 0.0286934
-0.913396,7.525,0.0155901 , 0.0155935 , 0.0220726
-0.913396,7.615,0.0152281 , 0.0152304 , 0.0155658
-0.913396,7.705,0.0148607 , 0.0148621 , 0.00919979
-0.913396,7.795,0.0144898 , 0.0144902 , 0.00299625
-0.913396,7.885,0.0141169 , 0.0141165 , -0.00302761
-0.913396,7.975,0.0137428 , 0.0137415 , -0.00886153
-0.913396,8.065,0.0133682 , 0.0133662 , -0.0145039
-0.913396,8.155,0.0129958 , 0.0129932 , -0.0199429
-0.913396,8.245,0.0126267 , 0.0126235 , -0.0251717
-0.913396,8.335,0.012262 , 0.0122583 , -0.0301854
-0.913396,8.425,0.0119024 , 0.0118982 , -0.0349805
-0.913396,8.515,0.0115488 , 0.0115443 , -0.039555
-0.913396,8.605,0.0112019 , 0.011197 , -0.0439076
-0.913396,8.695,0.0108621 , 0.0108569 , -0.0480383
-0.913396,8.785,0.01053 , 0.0105245 , -0.0519476
-0.913396,8.875,0.0102059 , 0.0102002 , -0.0556367
-0.913396,8.965,0.00989016 , 0.00988431 , -0.0590946
-0.913396,9.055,0.00958303 , 0.00957706 , -0.0623254
-0.913396,9.145,0.00928465 , 0.00927859 , -0.0653408
-0.913396,9.235,0.00899512 , 0.00898899 , -0.0681443
-0.913396,9.325,0.00871447 , 0.0087083 , -0.0707394
-0.913396,9.415,0.00844269 , 0.00843651 , -0.0731301
-0.913396,9.505,0.00817974 , 0.00817357 , -0.0753206
-0.913396,9.595,0.00792553 , 0.0079194 , -0.0773154
-0.913396,9.685,0.00767995 , 0.00767387 , -0.079119
-0.913396,9.775,0.00744286 , 0.00743686 , -0.0807364
-0.913396,9.865,0.00721411 , 0.00720818 , -0.0821724
-0.913396,9.955,0.00699351 , 0.00698767 , -0.0834324
-0.909752,1.045,0.648887 , 0.648865 , -0.00329916
-0.909752,1.135,0.593334 , 0.592958 , -0.0633125
-0.909752,1.225,0.494442 , 0.494145 , -0.0601759
-0.909752,1.315,0.406037 , 0.405991 , -0.0114342
-0.909752,1.405,0.399268 , 0.399343 , 0.0185524
-0.909752,1.495,0.322816 , 0.322883 , 0.0207056
-0.909752,1.585,0.329386 , 0.329398 , 0.00359499
-0.909752,1.675,0.278865 , 0.278795 , -0.0252473
-0.909752,1.765,0.25001 , 0.249879 , -0.0522539
-0.909752,1.855,0.237501 , 0.237308 , -0.0811713
-0.909752,1.945,0.20844 , 0.208335 , -0.050761
-0.909752,2.035,0.187635 , 0.187626 , -0.00495819
-0.909752,2.125,0.177621 , 0.17761 , -0.00581128
-0.909752,2.215,0.165415 , 0.165366 , -0.0295244
-0.909752,2.305,0.151337 , 0.151274 , -0.0419174
-0.909752,2.395,0.143072 , 0.143018 , -0.0379952
-0.909752,2.485,0.14191 , 0.14187 , -0.0280665
-0.909752,2.575,0.142773 , 0.142747 , -0.0182625
-0.909752,2.665,0.140822 , 0.140811 , -0.00808172
-0.909752,2.755,0.134493 , 0.134497 , 0.00301073
-0.909752,2.845,0.12493 , 0.124947 , 0.0133061
-0.909752,2.935,0.114251 , 0.114274 , 0.0201934
-0.909752,3.025,0.104329 , 0.104352 , 0.0221219
-0.909752,3.115,0.0960573 , 0.0960763 , 0.0198606
-0.909752,3.205,0.0895533 , 0.0895676 , 0.015974
-0.909752,3.295,0.0845929 , 0.084604 , 0.0130893
-0.909752,3.385,0.0808587 , 0.0808687 , 0.0123358
-0.909752,3.475,0.0779636 , 0.0779738 , 0.0130728
-0.909752,3.565,0.0755621 , 0.0755724 , 0.0135065
-0.909752,3.655,0.0733527 , 0.0733612 , 0.0116268
-0.909752,3.745,0.0712008 , 0.071205 , 0.00581815
-0.909752,3.835,0.0689598 , 0.0689566 , -0.0046518
-0.909752,3.925,0.0665342 , 0.0665211 , -0.0197
-0.909752,4.015,0.0638613 , 0.0638366 , -0.038626
-0.909752,4.105,0.0609276 , 0.0608908 , -0.0603487
-0.909752,4.195,0.0577853 , 0.057737 , -0.0835663
-0.909752,4.285,0.0544866 , 0.0544283 , -0.106929
-0.909752,4.375,0.0510993 , 0.0510333 , -0.129114
-0.909752,4.465,0.0476981 , 0.0476271 , -0.148873
-0.909752,4.555,0.0443275 , 0.0442543 , -0.165145
-0.909752,4.645,0.0410854 , 0.0410128 , -0.176833
-0.909752,4.735,0.0380279 , 0.0379583 , -0.183073
-0.909752,4.825,0.035197 , 0.0351325 , -0.183223
-0.909752,4.915,0.0326215 , 0.0325637 , -0.176914
-0.909752,5.005,0.0303167 , 0.0302669 , -0.164121
-0.909752,5.095,0.0282706 , 0.0282295 , -0.145313
-0.909752,5.185,0.0264932 , 0.0264611 , -0.121091
-0.909752,5.275,0.0249725 , 0.0249494 , -0.0925466
-0.909752,5.365,0.0236893 , 0.0236749 , -0.0610591
-0.909752,5.455,0.0226209 , 0.0226145 , -0.0281569
-0.909752,5.545,0.0217422 , 0.0217432 , 0.00463464
-0.909752,5.635,0.0210277 , 0.0210352 , 0.0359254
-0.909752,5.725,0.020452 , 0.0204652 , 0.0645172
-0.909752,5.815,0.0199902 , 0.0200081 , 0.0896394
-0.909752,5.905,0.01962 , 0.0196417 , 0.110807
-0.909752,5.995,0.0193209 , 0.0193456 , 0.127829
-0.909752,6.085,0.0190753 , 0.0191021 , 0.140748
-0.909752,6.175,0.0188675 , 0.0188958 , 0.149785
-0.909752,6.265,0.0186846 , 0.0187136 , 0.155273
-0.909752,6.355,0.0185114 , 0.0185405 , 0.157621
-0.909752,6.445,0.0183395 , 0.0183683 , 0.157246
-0.909752,6.535,0.0181662 , 0.0181943 , 0.154546
-0.909752,6.625,0.0179862 , 0.0180132 , 0.149909
-0.909752,6.715,0.0177956 , 0.0178212 , 0.143688
-0.909752,6.805,0.0175919 , 0.0176158 , 0.136198
-0.909752,6.895,0.0173733 , 0.0173955 , 0.127713
-0.909752,6.985,0.0171391 , 0.0171594 , 0.118469
-0.909752,7.075,0.0168892 , 0.0169076 , 0.108666
-0.909752,7.165,0.0166187 , 0.0166351 , 0.0985329
-0.909752,7.255,0.0163339 , 0.0163483 , 0.088139
-0.909752,7.345,0.0160363 , 0.0160488 , 0.0775996
-0.909752,7.435,0.0157272 , 0.0157378 , 0.0670129
-0.909752,7.525,0.015408 , 0.0154167 , 0.0564602
-0.909752,7.615,0.0150804 , 0.0150873 , 0.0460078
-0.909752,7.705,0.0147457 , 0.014751 , 0.0357098
-0.909752,7.795,0.0144057 , 0.0144094 , 0.0256102
-0.909752,7.885,0.0140618 , 0.014064 , 0.0157443
-0.909752,7.975,0.0137146 , 0.0137154 , 0.00614081
-0.909752,8.065,0.013365 , 0.0133646 , -0.00318758
-0.909752,8.155,0.0130157 , 0.0130141 , -0.0122283
-0.909752,8.245,0.0126677 , 0.012665 , -0.020967
-0.909752,8.335,0.0123222 , 0.0123186 , -0.0293926
-0.909752,8.425,0.01198 , 0.0119755 , -0.0374971
-0.909752,8.515,0.0116421 , 0.0116368 , -0.0452748
-0.909752,8.605,0.0113091 , 0.0113031 , -0.0527222
-0.909752,8.695,0.0109817 , 0.0109751 , -0.0598372
-0.909752,8.785,0.0106605 , 0.0106534 , -0.0666195
-0.909752,8.875,0.0103458 , 0.0103383 , -0.0730696
-0.909752,8.965,0.0100382 , 0.0100303 , -0.0791742
-0.909752,9.055,0.00973803 , 0.00972975 , -0.0849374
-0.909752,9.145,0.00944542 , 0.00943688 , -0.090373
-0.909752,9.235,0.00916058 , 0.00915183 , -0.0954851
-0.909752,9.325,0.00888364 , 0.00887473 , -0.100278
-0.909752,9.415,0.00861468 , 0.00860566 , -0.104758
-0.909752,9.505,0.00835373 , 0.00834463 , -0.108931
-0.909752,9.595,0.00810077 , 0.00809163 , -0.112801
-0.909752,9.685,0.00785577 , 0.00784663 , -0.116376
-0.909752,9.775,0.00761865 , 0.00760953 , -0.119661
-0.909752,9.865,0.00738932 , 0.00738026 , -0.122665
-0.909752,9.955,0.00716766 , 0.00715867 , -0.125393
-0.906108,1.045,0.636997 , 0.636886 , -0.0173844
-0.906108,1.135,0.590999 , 0.590559 , -0.0744417
-0.906108,1.225,0.49805 , 0.497718 , -0.0665661
-0.906108,1.315,0.406816 , 0.406804 , -0.00283239
-0.906108,1.405,0.397867 , 0.397948 , 0.0202443
-0.906108,1.495,0.324526 , 0.324577 , 0.0156534
-0.906108,1.585,0.330692 , 0.33069 , -0.000501028
-0.906108,1.675,0.276374 , 0.276278 , -0.0348935
-0.906108,1.765,0.251171 , 0.250997 , -0.0689707
-0.906108,1.855,0.238542 , 0.238318 , -0.0937754
-0.906108,1.945,0.208387 , 0.208274 , -0.0542216
-0.906108,2.035,0.188165 , 0.18816 , -0.00293184
-0.906108,2.125,0.178336 , 0.178328 , -0.00474115
-0.906108,2.215,0.165625 , 0.165571 , -0.0325552
-0.906108,2.305,0.151568 , 0.151492 , -0.050175
-0.906108,2.395,0.14408 , 0.144008 , -0.0500299
-0.906108,2.485,0.143654 , 0.143596 , -0.0402529
-0.906108,2.575,0.144531 , 0.144491 , -0.0273044
-0.906108,2.665,0.14186 , 0.141842 , -0.0125864
-0.906108,2.755,0.134494 , 0.134498 , 0.00260926
-0.906108,2.845,0.124018 , 0.124037 , 0.0153172
-0.906108,2.935,0.112773 , 0.112798 , 0.0223911
-0.906108,3.025,0.102646 , 0.102669 , 0.0226872
-0.906108,3.115,0.094416 , 0.0944333 , 0.0182938
-0.906108,3.205,0.0880697 , 0.0880814 , 0.0133309
-0.906108,3.295,0.0832888 , 0.0832983 , 0.0113809
-0.906108,3.385,0.0797164 , 0.0797272 , 0.0135261
-0.906108,3.475,0.0769666 , 0.0769807 , 0.0182828
-0.906108,3.565,0.0747153 , 0.0747323 , 0.0226801
-0.906108,3.655,0.0726829 , 0.0727 , 0.0236354
-0.906108,3.745,0.0707505 , 0.0707638 , 0.0187571
-0.906108,3.835,0.0687726 , 0.0687774 , 0.00699584
-0.906108,3.925,0.0666432 , 0.0666356 , -0.0115001
-0.906108,4.015,0.0642813 , 0.0642583 , -0.0357082
-0.906108,4.105,0.0616517 , 0.0616122 , -0.0641082
-0.906108,4.195,0.0587873 , 0.0587315 , -0.0949313
-0.906108,4.285,0.0557235 , 0.0556531 , -0.126398
-0.906108,4.375,0.0525168 , 0.0524344 , -0.15682
-0.906108,4.465,0.0492358 , 0.0491449 , -0.184647
-0.906108,4.555,0.0459227 , 0.0458269 , -0.208588
-0.906108,4.645,0.0426801 , 0.0425831 , -0.227311
-0.906108,4.735,0.0395701 , 0.0394753 , -0.239742
-0.906108,4.825,0.0366433 , 0.0365535 , -0.245017
-0.906108,4.915,0.0339374 , 0.0338551 , -0.242536
-0.906108,5.005,0.0314773 , 0.0314043 , -0.232031
-0.906108,5.095,0.0292601 , 0.0291976 , -0.213788
-0.906108,5.185,0.0273035 , 0.0272522 , -0.188177
-0.906108,5.275,0.0256025 , 0.0255625 , -0.15618
-0.906108,5.365,0.0241438 , 0.024115 , -0.119191
-0.906108,5.455,0.022909 , 0.0228909 , -0.0788996
-0.906108,5.545,0.0218766 , 0.0218684 , -0.0371415
-0.906108,5.635,0.0210233 , 0.0210242 , 0.00426865
-0.906108,5.725,0.0203259 , 0.0203348 , 0.0436381
-0.906108,5.815,0.0197595 , 0.0197752 , 0.0796667
-0.906108,5.905,0.0193016 , 0.0193231 , 0.111413
-0.906108,5.995,0.0189314 , 0.0189575 , 0.138312
-0.906108,6.085,0.0186301 , 0.0186599 , 0.160139
-0.906108,6.175,0.0183812 , 0.0184137 , 0.176948
-0.906108,6.265,0.0181703 , 0.0182046 , 0.189
-0.906108,6.355,0.0179807 , 0.0180161 , 0.196716
-0.906108,6.445,0.0178029 , 0.0178386 , 0.200565
-0.906108,6.535,0.0176326 , 0.017668 , 0.201024
-0.906108,6.625,0.0174632 , 0.0174979 , 0.198587
-0.906108,6.715,0.0172897 , 0.0173231 , 0.193722
-0.906108,6.805,0.017108 , 0.01714 , 0.186859
-0.906108,6.895,0.0169157 , 0.0169458 , 0.178379
-0.906108,6.985,0.0167108 , 0.016739 , 0.16862
-0.906108,7.075,0.0164925 , 0.0165186 , 0.15787
-0.906108,7.165,0.0162544 , 0.0162782 , 0.146474
-0.906108,7.255,0.0160029 , 0.0160245 , 0.134527
-0.906108,7.345,0.015739 , 0.0157582 , 0.122202
-0.906108,7.435,0.0154634 , 0.0154803 , 0.109645
-0.906108,7.525,0.0151771 , 0.0151919 , 0.0969804
-0.906108,7.615,0.0148816 , 0.0148941 , 0.084309
-0.906108,7.705,0.0145779 , 0.0145884 , 0.0717146
-0.906108,7.795,0.0142676 , 0.0142761 , 0.0592654
-0.906108,7.885,0.0139519 , 0.0139585 , 0.0470171
-0.906108,7.975,0.0136315 , 0.0136362 , 0.0350223
-0.906108,8.065,0.0133069 , 0.01331 , 0.0233113
-0.906108,8.155,0.0129809 , 0.0129825 , 0.0118935
-0.906108,8.245,0.0126547 , 0.0126548 , 0.000792876
-0.906108,8.335,0.0123292 , 0.012328 , -0.00997184
-0.906108,8.425,0.0120056 , 0.0120031 , -0.0203863
-0.906108,8.515,0.0116845 , 0.011681 , -0.0304396
-0.906108,8.605,0.0113669 , 0.0113623 , -0.040124
-0.906108,8.695,0.0110534 , 0.0110479 , -0.0494343
-0.906108,8.785,0.0107446 , 0.0107383 , -0.0583673
-0.906108,8.875,0.0104411 , 0.0104341 , -0.0669216
-0.906108,8.965,0.0101435 , 0.0101358 , -0.0750847
-0.906108,9.055,0.009852 , 0.00984384 , -0.0828584
-0.906108,9.145,0.00956701 , 0.00955837 , -0.0902535
-0.906108,9.235,0.00928873 , 0.00927969 , -0.0972734
-0.906108,9.325,0.00901737 , 0.00900799 , -0.103922
-0.906108,9.415,0.00875307 , 0.00874342 , -0.110205
-0.906108,9.505,0.00849594 , 0.00848607 , -0.116128
-0.906108,9.595,0.00824603 , 0.008236 , -0.121696
-0.906108,9.685,0.00800337 , 0.00799322 , -0.126915
-0.906108,9.775,0.00776795 , 0.00775772 , -0.131792
-0.906108,9.865,0.00753973 , 0.00752945 , -0.136335
-0.906108,9.955,0.00731864 , 0.00730835 , -0.14055
-0.902464,1.045,0.625102 , 0.625018 , -0.0133171
-0.902464,1.135,0.585277 , 0.58495 , -0.0557945
-0.902464,1.225,0.501768 , 0.501439 , -0.0655175
-0.902464,1.315,0.407898 , 0.407875 , -0.00562601
-0.902464,1.405,0.395794 , 0.395859 , 0.0162778
-0.902464,1.495,0.327109 , 0.32714 , 0.00964671
-0.902464,1.585,0.330964 , 0.330997 , 0.00996102
-0.902464,1.675,0.27401 , 0.273926 , -0.0309244
-0.902464,1.765,0.25277 , 0.252595 , -0.0689541
-0.902464,1.855,0.239187 , 0.238989 , -0.0825748
-0.902464,1.945,0.208093 , 0.207995 , -0.0469266
-0.902464,2.035,0.188772 , 0.188761 , -0.00577716
-0.902464,2.125,0.179061 , 0.179047 , -0.00783387
-0.902464,2.215,0.165795 , 0.165741 , -0.0326727
-0.902464,2.305,0.151882 , 0.151804 , -0.0513847
-0.902464,2.395,0.145248 , 0.14517 , -0.0535214
-0.902464,2.485,0.145449 , 0.145387 , -0.0428124
-0.902464,2.575,0.146126 , 0.146087 , -0.0262817
-0.902464,2.665,0.142566 , 0.142555 , -0.00809785
-0.902464,2.755,0.134126 , 0.134138 , 0.00871827
-0.902464,2.845,0.122812 , 0.122837 , 0.0208723
-0.902464,2.935,0.111131 , 0.11116 , 0.0258509
-0.902464,3.025,0.100921 , 0.100945 , 0.0237274
-0.902464,3.115,0.0928139 , 0.0928305 , 0.0178881
-0.902464,3.205,0.0866562 , 0.0866676 , 0.0132356
-0.902464,3.295,0.0820456 , 0.0820566 , 0.0133571
-0.902464,3.385,0.0786015 , 0.0786163 , 0.0187685
-0.902464,3.475,0.0759548 , 0.0759755 , 0.0272327
-0.902464,3.565,0.0738134 , 0.0738393 , 0.0351082
-0.902464,3.655,0.0719259 , 0.0719538 , 0.03886
-0.902464,3.745,0.0701923 , 0.0702174 , 0.0358272
-0.902464,3.835,0.0684681 , 0.0684852 , 0.0249207
-0.902464,3.925,0.0666361 , 0.0666404 , 0.00639952
-0.902464,4.015,0.0645948 , 0.0645828 , -0.0185296
-0.902464,4.105,0.0622859 , 0.0622559 , -0.0481692
-0.902464,4.195,0.0597209 , 0.0596728 , -0.0806276
-0.902464,4.285,0.056917 , 0.0568521 , -0.114062
-0.902464,4.375,0.0539177 , 0.0538386 , -0.146788
-0.902464,4.465,0.0507842 , 0.0506941 , -0.177306
-0.902464,4.555,0.0475552 , 0.047458 , -0.2044
-0.902464,4.645,0.0443369 , 0.0442363 , -0.226829
-0.902464,4.735,0.0411971 , 0.0410967 , -0.243575
-0.902464,4.825,0.0381939 , 0.0380969 , -0.25378
-0.902464,4.915,0.0353738 , 0.035283 , -0.256774
-0.902464,5.005,0.0327711 , 0.0326884 , -0.252128
-0.902464,5.095,0.0303916 , 0.0303187 , -0.239877
-0.902464,5.185,0.0282612 , 0.028199 , -0.220059
-0.902464,5.275,0.026382 , 0.026331 , -0.193261
-0.902464,5.365,0.0247466 , 0.0247069 , -0.160486
-0.902464,5.455,0.0233416 , 0.0233129 , -0.123088
-0.902464,5.545,0.0221492 , 0.0221309 , -0.0826731
-0.902464,5.635,0.0211489 , 0.0211402 , -0.0409697
-0.902464,5.725,0.0203199 , 0.0203199 , 0.000289085
-0.902464,5.815,0.0196376 , 0.0196454 , 0.0395659
-0.902464,5.905,0.01908 , 0.0190944 , 0.0756362
-0.902464,5.995,0.018626 , 0.018646 , 0.107615
-0.902464,6.085,0.0182563 , 0.0182809 , 0.134962
-0.902464,6.175,0.0179534 , 0.0179817 , 0.157453
-0.902464,6.265,0.0177019 , 0.0177329 , 0.175123
-0.902464,6.355,0.0174838 , 0.0175167 , 0.188232
-0.902464,6.445,0.0172882 , 0.0173222 , 0.19714
-0.902464,6.535,0.0171098 , 0.0171444 , 0.202246
-0.902464,6.625,0.0169407 , 0.0169753 , 0.204017
-0.902464,6.715,0.0167746 , 0.0168087 , 0.202915
-0.902464,6.805,0.0166065 , 0.0166396 , 0.199383
-0.902464,6.895,0.0164325 , 0.0164644 , 0.193831
-0.902464,6.985,0.01625 , 0.0162804 , 0.186625
-0.902464,7.075,0.0160572 , 0.0160858 , 0.178089
-0.902464,7.165,0.0158462 , 0.0158729 , 0.168626
-0.902464,7.255,0.0156234 , 0.0156482 , 0.15834
-0.902464,7.345,0.0153893 , 0.015412 , 0.147431
-0.902464,7.435,0.015144 , 0.0151646 , 0.136073
-0.902464,7.525,0.0148883 , 0.0149068 , 0.124414
-0.902464,7.615,0.014623 , 0.0146394 , 0.112576
-0.902464,7.705,0.014349 , 0.0143634 , 0.100662
-0.902464,7.795,0.0140675 , 0.01408 , 0.0887573
-0.902464,7.885,0.0137797 , 0.0137903 , 0.0769304
-0.902464,7.975,0.0134859 , 0.0134947 , 0.0652541
-0.902464,8.065,0.0131867 , 0.0131938 , 0.0537754
-0.902464,8.155,0.0128848 , 0.0128902 , 0.0424999
-0.902464,8.245,0.0125812 , 0.0125851 , 0.0314595
-0.902464,8.335,0.012277 , 0.0122795 , 0.02068
-0.902464,8.425,0.0119731 , 0.0119743 , 0.0101818
-0.902464,8.515,0.0116705 , 0.0116705 , -1.904e-05
-0.902464,8.605,0.0113699 , 0.0113688 , -0.00990996
-0.902464,8.695,0.011072 , 0.0110699 , -0.0194816
-0.902464,8.785,0.0107776 , 0.0107745 , -0.028727
-0.902464,8.875,0.0104872 , 0.0104833 , -0.0376415
-0.902464,8.965,0.0102015 , 0.0101967 , -0.0462154
-0.902464,9.055,0.00992077 , 0.00991537 , -0.0544463
-0.902464,9.145,0.00964544 , 0.00963943 , -0.0623384
-0.902464,9.235,0.00937577 , 0.00936921 , -0.0698929
-0.902464,9.325,0.00911202 , 0.00910499 , -0.0771117
-0.902464,9.415,0.00885441 , 0.00884697 , -0.0839975
-0.902464,9.505,0.0086031 , 0.00859531 , -0.0905537
-0.902464,9.595,0.0083582 , 0.00835011 , -0.0967841
-0.902464,9.685,0.0081198 , 0.00811147 , -0.102693
-0.902464,9.775,0.00788795 , 0.00787941 , -0.108286
-0.902464,9.865,0.00766265 , 0.00765395 , -0.113566
-0.902464,9.955,0.00744389 , 0.00743507 , -0.118541
-0.89882,1.045,0.613979 , 0.613901 , -0.0125972
-0.89882,1.135,0.576579 , 0.576369 , -0.0365159
-0.89882,1.225,0.504679 , 0.504389 , -0.0573353
-0.89882,1.315,0.409238 , 0.409197 , -0.00996012
-0.89882,1.405,0.393167 , 0.393216 , 0.0125965
-0.89882,1.495,0.330367 , 0.33038 , 0.00383986
-0.89882,1.585,0.329966 , 0.330037 , 0.021455
-0.89882,1.675,0.271942 , 0.271861 , -0.0294491
-0.89882,1.765,0.254642 , 0.254475 , -0.0656358
-0.89882,1.855,0.239349 , 0.239186 , -0.068092
-0.89882,1.945,0.207663 , 0.20758 , -0.0397242
-0.89882,2.035,0.189474 , 0.189458 , -0.00867221
-0.89882,2.125,0.179707 , 0.17969 , -0.0096465
-0.89882,2.215,0.16587 , 0.165816 , -0.0320223
-0.89882,2.305,0.152287 , 0.152206 , -0.0528976
-0.89882,2.395,0.146592 , 0.146508 , -0.0573025
-0.89882,2.485,0.147291 , 0.147225 , -0.0450287
-0.89882,2.575,0.147553 , 0.147516 , -0.0247127
-0.89882,2.665,0.142971 , 0.142966 , -0.00342488
-0.89882,2.755,0.133464 , 0.133483 , 0.0143885
-0.89882,2.845,0.121423 , 0.121454 , 0.0254356
-0.89882,2.935,0.109449 , 0.109479 , 0.0281239
-0.89882,3.025,0.0992685 , 0.0992923 , 0.0238996
-0.89882,3.115,0.0913447 , 0.0913606 , 0.0173452
-0.89882,3.205,0.0853859 , 0.0853978 , 0.0138263
-0.89882,3.295,0.0809217 , 0.0809352 , 0.0166153
-0.89882,3.385,0.0775653 , 0.0775851 , 0.0255173
-0.89882,3.475,0.0749777 , 0.0750059 , 0.0375765
-0.89882,3.565,0.0729065 , 0.072942 , 0.0486075
-0.89882,3.655,0.0711321 , 0.071171 , 0.0547606
-0.89882,3.745,0.0695731 , 0.0696101 , 0.0532163
-0.89882,3.835,0.068086 , 0.0681152 , 0.0429219
-0.89882,3.925,0.0665408 , 0.0665569 , 0.0242887
-0.89882,4.015,0.0648151 , 0.0648143 , -0.00127823
-0.89882,4.105,0.0628271 , 0.062807 , -0.0319135
-0.89882,4.195,0.0605665 , 0.0605267 , -0.0656266
-0.89882,4.285,0.0580319 , 0.0579736 , -0.10054
-0.89882,4.375,0.0552533 , 0.0551788 , -0.134995
-0.89882,4.465,0.052284 , 0.0521964 , -0.167569
-0.89882,4.555,0.0491583 , 0.0490614 , -0.197138
-0.89882,4.645,0.0459852 , 0.0458829 , -0.22257
-0.89882,4.735,0.0428372 , 0.0427331 , -0.242931
-0.89882,4.825,0.039779 , 0.0396766 , -0.257408
-0.89882,4.915,0.0368652 , 0.0367674 , -0.265316
-0.89882,5.005,0.0341383 , 0.0340474 , -0.266133
-0.89882,5.095,0.0316128 , 0.0315307 , -0.259718
-0.89882,5.185,0.0293222 , 0.0292501 , -0.245854
-0.89882,5.275,0.0272754 , 0.0272141 , -0.224792
-0.89882,5.365,0.0254711 , 0.0254209 , -0.197156
-0.89882,5.455,0.0239007 , 0.0238616 , -0.163929
-0.89882,5.545,0.0225503 , 0.0225218 , -0.126406
-0.89882,5.635,0.0214023 , 0.0213839 , -0.0861005
-0.89882,5.725,0.0204386 , 0.0204294 , -0.0446372
-0.89882,5.815,0.0196354 , 0.0196347 , -0.00366
-0.89882,5.905,0.0189713 , 0.018978 , 0.0354268
-0.89882,5.995,0.0184254 , 0.0184385 , 0.0714796
-0.89882,6.085,0.0179781 , 0.0179967 , 0.103664
-0.89882,6.175,0.0176113 , 0.0176344 , 0.131463
-0.89882,6.265,0.0173087 , 0.0173355 , 0.154648
-0.89882,6.355,0.0170513 , 0.0170809 , 0.173268
-0.89882,6.445,0.0168272 , 0.0168587 , 0.187519
-0.89882,6.535,0.0166301 , 0.016663 , 0.197681
-0.89882,6.625,0.016451 , 0.0164846 , 0.204142
-0.89882,6.715,0.0162824 , 0.0163162 , 0.207328
-0.89882,6.805,0.0161183 , 0.0161518 , 0.207669
-0.89882,6.895,0.015954 , 0.0159868 , 0.20558
-0.89882,6.985,0.0157857 , 0.0158175 , 0.201445
-0.89882,7.075,0.0156108 , 0.0156413 , 0.195614
-0.89882,7.165,0.01542 , 0.0154491 , 0.188546
-0.89882,7.255,0.0152198 , 0.0152473 , 0.180348
-0.89882,7.345,0.01501 , 0.0150357 , 0.171249
-0.89882,7.435,0.0147903 , 0.0148142 , 0.161451
-0.89882,7.525,0.0145609 , 0.0145829 , 0.151125
-0.89882,7.615,0.0143222 , 0.0143423 , 0.14042
-0.89882,7.705,0.014075 , 0.0140932 , 0.129458
-0.89882,7.795,0.0138199 , 0.0138363 , 0.118342
-0.89882,7.885,0.013558 , 0.0135725 , 0.10716
-0.89882,7.975,0.0132894 , 0.0133021 , 0.0960039
-0.89882,8.065,0.0130144 , 0.0130255 , 0.0849399
-0.89882,8.155,0.0127358 , 0.0127452 , 0.0739733
-0.89882,8.245,0.0124545 , 0.0124624 , 0.0631457
-0.89882,8.335,0.0121715 , 0.0121779 , 0.0524916
-0.89882,8.425,0.0118877 , 0.0118927 , 0.0420392
-0.89882,8.515,0.011604 , 0.0116077 , 0.0318111
-0.89882,8.605,0.0113211 , 0.0113236 , 0.0218259
-0.89882,8.695,0.0110398 , 0.0110411 , 0.0120983
-0.89882,8.785,0.0107607 , 0.010761 , 0.00263984
-0.89882,8.875,0.0104846 , 0.0104839 , -0.00654047
-0.89882,8.965,0.010212 , 0.0102104 , -0.0154335
-0.89882,9.055,0.00994351 , 0.00994112 , -0.0240327
-0.89882,9.145,0.0096793 , 0.00967617 , -0.032336
-0.89882,9.235,0.00941976 , 0.00941596 , -0.0403418
-0.89882,9.325,0.0091652 , 0.0091608 , -0.0480492
-0.89882,9.415,0.00891588 , 0.00891094 , -0.0554585
-0.89882,9.505,0.00867201 , 0.00866659 , -0.0625707
-0.89882,9.595,0.00843376 , 0.00842791 , -0.0693875
-0.89882,9.685,0.00820126 , 0.00819503 , -0.0759112
-0.89882,9.775,0.00797459 , 0.00796804 , -0.0821445
-0.89882,9.865,0.00775383 , 0.007747 , -0.0880907
-0.89882,9.955,0.00753899 , 0.00753192 , -0.0937535
-0.895176,1.045,0.604794 , 0.604698 , -0.0158475
-0.895176,1.135,0.565667 , 0.56556 , -0.0188978
-0.895176,1.225,0.506085 , 0.505872 , -0.0420453
-0.895176,1.315,0.410995 , 0.410934 , -0.0148329
-0.895176,1.405,0.389971 , 0.390007 , 0.00946405
-0.895176,1.495,0.334012 , 0.334006 , -0.00154999
-0.895176,1.585,0.327846 , 0.327954 , 0.0328024
-0.895176,1.675,0.270473 , 0.270392 , -0.0300861
-0.895176,1.765,0.256551 , 0.256401 , -0.0583677
-0.895176,1.855,0.238883 , 0.238761 , -0.051124
-0.895176,1.945,0.207134 , 0.207065 , -0.033238
-0.895176,2.035,0.190275 , 0.190254 , -0.0111053
-0.895176,2.125,0.180259 , 0.180242 , -0.00946104
-0.895176,2.215,0.165856 , 0.165806 , -0.030151
-0.895176,2.305,0.152773 , 0.15269 , -0.054401
-0.895176,2.395,0.148043 , 0.147952 , -0.0611065
-0.895176,2.485,0.149062 , 0.148992 , -0.0468332
-0.895176,2.575,0.148693 , 0.14866 , -0.0227559
-0.895176,2.665,0.142989 , 0.14299 , 0.00114901
-0.895176,2.755,0.132462 , 0.132488 , 0.0193193
-0.895176,2.845,0.11983 , 0.119865 , 0.0287892
-0.895176,2.935,0.107708 , 0.10774 , 0.0291586
-0.895176,3.025,0.0976633 , 0.0976861 , 0.023336
-0.895176,3.115,0.0899706 , 0.0899858 , 0.0168942
-0.895176,3.205,0.0842109 , 0.0842238 , 0.0152872
-0.895176,3.295,0.0798641 , 0.079881 , 0.0211883
-0.895176,3.385,0.0765552 , 0.076581 , 0.0336279
-0.895176,3.475,0.0739871 , 0.0740234 , 0.0490353
-0.895176,3.565,0.0719531 , 0.0719984 , 0.0628426
-0.895176,3.655,0.0702666 , 0.0703165 , 0.0710299
-0.895176,3.745,0.0688648 , 0.0689135 , 0.0707186
-0.895176,3.835,0.0676036 , 0.0676448 , 0.060945
-0.895176,3.925,0.0663394 , 0.0663675 , 0.0422874
-0.895176,4.015,0.0649283 , 0.0649389 , 0.0163355
-0.895176,4.105,0.0632644 , 0.063255 , -0.0149085
-0.895176,4.195,0.0613158 , 0.0612855 , -0.0493958
-0.895176,4.285,0.0590623 , 0.059012 , -0.0852483
-0.895176,4.375,0.05652 , 0.0564516 , -0.120865
-0.895176,4.465,0.0537334 , 0.0536501 , -0.154914
-0.895176,4.555,0.0507318 , 0.0506372 , -0.186376
-0.895176,4.645,0.0476262 , 0.0475241 , -0.214238
-0.895176,4.735,0.0444926 , 0.0443868 , -0.237664
-0.895176,4.825,0.0414016 , 0.0412956 , -0.255907
-0.895176,4.915,0.0384149 , 0.0383118 , -0.2683
-0.895176,5.005,0.0355828 , 0.0354852 , -0.274278
-0.895176,5.095,0.0329277 , 0.0328376 , -0.273582
-0.895176,5.185,0.0304904 , 0.0304093 , -0.265807
-0.895176,5.275,0.0282865 , 0.0282155 , -0.250929
-0.895176,5.365,0.0263205 , 0.0262602 , -0.229233
-0.895176,5.455,0.0245889 , 0.0245394 , -0.20133
-0.895176,5.545,0.0230818 , 0.0230429 , -0.168156
-0.895176,5.635,0.0217848 , 0.0217563 , -0.130917
-0.895176,5.725,0.0206826 , 0.0206637 , -0.0910009
-0.895176,5.815,0.0197527 , 0.0197428 , -0.0500249
-0.895176,5.905,0.0189746 , 0.0189728 , -0.00945025
-0.895176,5.995,0.0183281 , 0.0183334 , 0.0294141
-0.895176,6.085,0.0177934 , 0.017805 , 0.0654935
-0.895176,6.175,0.0173522 , 0.0173692 , 0.0979923
-0.895176,6.265,0.0169877 , 0.0170091 , 0.126401
-0.895176,6.355,0.0166799 , 0.016705 , 0.150516
-0.895176,6.445,0.016416 , 0.016444 , 0.170322
-0.895176,6.535,0.0161892 , 0.0162193 , 0.185924
-0.895176,6.625,0.0159895 , 0.0160211 , 0.197587
-0.895176,6.715,0.0158083 , 0.0158408 , 0.205651
-0.895176,6.805,0.0156386 , 0.0156715 , 0.210498
-0.895176,6.895,0.0154749 , 0.0155077 , 0.212518
-0.895176,6.985,0.0153124 , 0.0153449 , 0.212095
-0.895176,7.075,0.0151479 , 0.0151796 , 0.209586
-0.895176,7.165,0.0149704 , 0.0150012 , 0.2055
-0.895176,7.255,0.0147866 , 0.0148162 , 0.199943
-0.895176,7.345,0.0145956 , 0.0146238 , 0.193167
-0.895176,7.435,0.0143967 , 0.0144234 , 0.185401
-0.895176,7.525,0.0141894 , 0.0142145 , 0.176843
-0.895176,7.615,0.0139739 , 0.0139973 , 0.167665
-0.895176,7.705,0.0137503 , 0.0137721 , 0.158013
-0.895176,7.795,0.0135193 , 0.0135393 , 0.148013
-0.895176,7.885,0.0132814 , 0.0132997 , 0.137771
-0.895176,7.975,0.0130365 , 0.0130532 , 0.127402
-0.895176,8.065,0.0127849 , 0.0127998 , 0.116993
-0.895176,8.155,0.012529 , 0.0125424 , 0.106554
-0.895176,8.245,0.0122698 , 0.0122816 , 0.0961365
-0.895176,8.335,0.012008 , 0.0120183 , 0.0857875
-0.895176,8.425,0.0117446 , 0.0117535 , 0.0755444
-0.895176,8.515,0.0114803 , 0.0114878 , 0.0654386
-0.895176,8.605,0.0112159 , 0.0112222 , 0.0554962
-0.895176,8.695,0.0109522 , 0.0109572 , 0.0457386
-0.895176,8.785,0.0106896 , 0.0106935 , 0.0361835
-0.895176,8.875,0.010429 , 0.0104318 , 0.0268454
-0.895176,8.965,0.010171 , 0.0101728 , 0.0177353
-0.895176,9.055,0.00991619 , 0.00991707 , 0.00886453
-0.895176,9.145,0.00966468 , 0.0096647 , 0.000240919
-0.895176,9.235,0.0094169 , 0.00941614 , -0.00813002
-0.895176,9.325,0.00917321 , 0.00917172 , -0.0162442
-0.895176,9.415,0.00893389 , 0.00893174 , -0.0240989
-0.895176,9.505,0.00869919 , 0.00869643 , -0.0316923
-0.895176,9.595,0.00846931 , 0.008466 , -0.0390235
-0.895176,9.685,0.00824443 , 0.00824063 , -0.0460923
-0.895176,9.775,0.00802467 , 0.00802042 , -0.0528993
-0.895176,9.865,0.00781014 , 0.00780549 , -0.0594457
-0.895176,9.955,0.0076009 , 0.00759591 , -0.0657329
-0.891532,1.045,0.597798 , 0.597661 , -0.0228817
-0.891532,1.135,0.553905 , 0.553874 , -0.0055988
-0.891532,1.225,0.505147 , 0.505043 , -0.0205853
-0.891532,1.315,0.413092 , 0.413012 , -0.0191997
-0.891532,1.405,0.386389 , 0.386414 , 0.00661662
-0.891532,1.495,0.337688 , 0.337669 , -0.00550846
-0.891532,1.585,0.324631 , 0.32477 , 0.0429046
-0.891532,1.675,0.269676 , 0.269589 , -0.0323628
-0.891532,1.765,0.258276 , 0.258154 , -0.0473996
-0.891532,1.855,0.237851 , 0.237772 , -0.0331448
-0.891532,1.945,0.206649 , 0.206591 , -0.0279926
-0.891532,2.035,0.191136 , 0.191112 , -0.0125621
-0.891532,2.125,0.18061 , 0.180597 , -0.00719385
-0.891532,2.215,0.165714 , 0.165669 , -0.0274417
-0.891532,2.305,0.153345 , 0.153259 , -0.0561106
-0.891532,2.395,0.149592 , 0.149495 , -0.0648113
-0.891532,2.485,0.150741 , 0.150668 , -0.0480952
-0.891532,2.575,0.149548 , 0.149517 , -0.0204099
-0.891532,2.665,0.142666 , 0.142674 , 0.00557149
-0.891532,2.755,0.131207 , 0.131238 , 0.0235338
-0.891532,2.845,0.118139 , 0.118176 , 0.0311563
-0.891532,2.935,0.106008 , 0.106039 , 0.029448
-0.891532,3.025,0.0961822 , 0.0962041 , 0.0227462
-0.891532,3.115,0.0887459 , 0.0887612 , 0.0172848
-0.891532,3.205,0.0831692 , 0.0831843 , 0.0182064
-0.891532,3.295,0.0789044 , 0.078926 , 0.0273731
-0.891532,3.385,0.0756043 , 0.0756369 , 0.0430735
-0.891532,3.475,0.0730219 , 0.0730666 , 0.0612951
-0.891532,3.565,0.0709981 , 0.071053 , 0.0772855
-0.891532,3.655,0.0693778 , 0.0694381 , 0.0870133
-0.891532,3.745,0.0681143 , 0.068174 , 0.0876391
-0.891532,3.835,0.0670615 , 0.067114 , 0.0783256
-0.891532,3.925,0.0660618 , 0.0661013 , 0.0598055
-0.891532,4.015,0.0649502 , 0.0649721 , 0.0338107
-0.891532,4.105,0.0635981 , 0.0635997 , 0.00242507
-0.891532,4.195,0.0619533 , 0.0619333 , -0.0322997
-0.891532,4.285,0.0599777 , 0.0599366 , -0.0685267
-0.891532,4.375,0.057674 , 0.0576136 , -0.104736
-0.891532,4.465,0.0550783 , 0.0550013 , -0.139699
-0.891532,4.555,0.0522141 , 0.052124 , -0.172502
-0.891532,4.645,0.0491936 , 0.0490941 , -0.202249
-0.891532,4.735,0.0460953 , 0.0459901 , -0.228196
-0.891532,4.825,0.0429943 , 0.042887 , -0.249667
-0.891532,4.915,0.0399584 , 0.0398521 , -0.266033
-0.891532,5.005,0.0370445 , 0.036942 , -0.27672
-0.891532,5.095,0.0342818 , 0.0341853 , -0.281392
-0.891532,5.185,0.0317179 , 0.0316292 , -0.279524
-0.891532,5.275,0.0293744 , 0.0292949 , -0.270886
-0.891532,5.365,0.0272616 , 0.027192 , -0.255486
-0.891532,5.455,0.0253806 , 0.0253213 , -0.233606
-0.891532,5.545,0.0237254 , 0.0236765 , -0.20583
-0.891532,5.635,0.0222851 , 0.0222465 , -0.173018
-0.891532,5.725,0.021047 , 0.0210183 , -0.136241
-0.891532,5.815,0.0199905 , 0.0199711 , -0.096972
-0.891532,5.905,0.0190964 , 0.0190856 , -0.0566056
-0.891532,5.995,0.018345 , 0.018342 , -0.0164981
-0.891532,6.085,0.0177171 , 0.017721 , 0.0221289
-0.891532,6.175,0.0171944 , 0.0172044 , 0.0582616
-0.891532,6.265,0.0167598 , 0.0167751 , 0.0911349
-0.891532,6.355,0.0163926 , 0.0164123 , 0.120282
-0.891532,6.445,0.0160796 , 0.016103 , 0.14545
-0.891532,6.535,0.0158133 , 0.0158397 , 0.166535
-0.891532,6.625,0.015583 , 0.0156117 , 0.183629
-0.891532,6.715,0.0153794 , 0.0154097 , 0.196941
-0.891532,6.805,0.0151947 , 0.0152261 , 0.206761
-0.891532,6.895,0.0150223 , 0.0150544 , 0.213421
-0.891532,6.985,0.014857 , 0.0148893 , 0.217271
-0.891532,7.075,0.0146945 , 0.0147266 , 0.218658
-0.891532,7.165,0.0145226 , 0.0145543 , 0.218119
-0.891532,7.255,0.014348 , 0.014379 , 0.215751
-0.891532,7.345,0.0141693 , 0.0141993 , 0.21182
-0.891532,7.435,0.0139851 , 0.014014 , 0.206579
-0.891532,7.525,0.0137946 , 0.0138222 , 0.200248
-0.891532,7.615,0.0135974 , 0.0136236 , 0.193024
-0.891532,7.705,0.0133934 , 0.0134181 , 0.185077
-0.891532,7.795,0.0131827 , 0.0132059 , 0.176554
-0.891532,7.885,0.0129656 , 0.0129874 , 0.167582
-0.891532,7.975,0.0127419 , 0.012762 , 0.158301
-0.891532,8.065,0.0125113 , 0.0125299 , 0.14882
-0.891532,8.155,0.0122764 , 0.0122934 , 0.139156
-0.891532,8.245,0.0120378 , 0.0120533 , 0.129377
-0.891532,8.335,0.0117962 , 0.0118103 , 0.11954
-0.891532,8.425,0.0115525 , 0.0115652 , 0.109697
-0.891532,8.515,0.0113073 , 0.0113186 , 0.0998872
-0.891532,8.605,0.0110613 , 0.0110712 , 0.0901478
-0.891532,8.695,0.0108151 , 0.0108238 , 0.0805081
-0.891532,8.785,0.0105694 , 0.0105769 , 0.0709933
-0.891532,8.875,0.0103248 , 0.0103311 , 0.0616245
-0.891532,8.965,0.0100821 , 0.0100873 , 0.0524179
-0.891532,9.055,0.00984166 , 0.00984593 , 0.0433897
-0.891532,9.145,0.00960376 , 0.00960708 , 0.0345536
-0.891532,9.235,0.00936878 , 0.00937121 , 0.0259195
-0.891532,9.325,0.00913706 , 0.00913866 , 0.0174955
-0.891532,9.415,0.00890893 , 0.00890976 , 0.00928815
-0.891532,9.505,0.00868464 , 0.00868476 , 0.00130264
-0.891532,9.595,0.00846444 , 0.00846389 , -0.00645705
-0.891532,9.685,0.00824851 , 0.00824736 , -0.013988
-0.891532,9.775,0.00803703 , 0.00803532 , -0.0212881
-0.891532,9.865,0.00783011 , 0.00782789 , -0.028356
-0.891532,9.955,0.00762785 , 0.00762517 , -0.0351911
-0.887888,1.045,0.593374 , 0.593179 , -0.0328071
-0.887888,1.135,0.542479 , 0.54249 , 0.0021001
-0.887888,1.225,0.501612 , 0.501637 , 0.00493352
-0.887888,1.315,0.415421 , 0.415333 , -0.0210994
-0.887888,1.405,0.382452 , 0.382467 , 0.00409296
-0.887888,1.495,0.34106 , 0.341032 , -0.00802327
-0.887888,1.585,0.320627 , 0.320791 , 0.0510431
-0.887888,1.675,0.269644 , 0.26955 , -0.0351214
-0.887888,1.765,0.259558 , 0.259472 , -0.0331807
-0.887888,1.855,0.236257 , 0.23622 , -0.0155159
-0.887888,1.945,0.206272 , 0.206222 , -0.0241767
-0.887888,2.035,0.192018 , 0.191994 , -0.0122873
-0.887888,2.125,0.180731 , 0.180727 , -0.00237483
-0.887888,2.215,0.165463 , 0.165424 , -0.023751
-0.887888,2.305,0.153995 , 0.153906 , -0.0578582
-0.887888,2.395,0.151166 , 0.151063 , -0.0682305
-0.887888,2.485,0.152217 , 0.152142 , -0.0487995
-0.887888,2.575,0.15002 , 0.149993 , -0.017801
-0.887888,2.665,0.141947 , 0.14196 , 0.00968081
-0.887888,2.755,0.12968 , 0.129715 , 0.0269316
-0.887888,2.845,0.116342 , 0.11638 , 0.032581
-0.887888,2.935,0.104339 , 0.104369 , 0.0292081
-0.887888,3.025,0.0948038 , 0.0948251 , 0.0224328
-0.887888,3.115,0.087638 , 0.0876545 , 0.0187415
-0.887888,3.205,0.0822231 , 0.0822417 , 0.0225912
-0.887888,3.295,0.0780055 , 0.0780327 , 0.0349169
-0.887888,3.385,0.0746801 , 0.07472 , 0.0533863
-0.887888,3.475,0.0720555 , 0.0721087 , 0.0737659
-0.887888,3.565,0.0700201 , 0.0700841 , 0.0913347
-0.887888,3.655,0.0684477 , 0.0685176 , 0.102202
-0.887888,3.745,0.0673053 , 0.0673751 , 0.103646
-0.887888,3.835,0.0664434 , 0.0665065 , 0.0949571
-0.887888,3.925,0.0656908 , 0.0657413 , 0.0769707
-0.887888,4.015,0.0648623 , 0.0648957 , 0.0514855
-0.887888,4.105,0.0638086 , 0.0638218 , 0.0205899
-0.887888,4.195,0.0624587 , 0.0624501 , -0.0137281
-0.887888,4.285,0.0607578 , 0.0607276 , -0.0497142
-0.887888,4.375,0.058696 , 0.0586456 , -0.0859507
-0.887888,4.465,0.0563007 , 0.0562324 , -0.121317
-0.887888,4.555,0.053589 , 0.053506 , -0.154995
-0.887888,4.645,0.0506733 , 0.050579 , -0.186194
-0.887888,4.735,0.0476334 , 0.0475314 , -0.214254
-0.887888,4.825,0.0445477 , 0.0444414 , -0.238563
-0.887888,4.915,0.0414885 , 0.0413812 , -0.258535
-0.887888,5.005,0.0385182 , 0.0384128 , -0.273603
-0.887888,5.095,0.0356719 , 0.0355708 , -0.283385
-0.887888,5.185,0.0330031 , 0.0329083 , -0.287285
-0.887888,5.275,0.0305393 , 0.0304522 , -0.284925
-0.887888,5.365,0.0282955 , 0.0282174 , -0.276097
-0.887888,5.455,0.0262776 , 0.0262091 , -0.260808
-0.887888,5.545,0.0244837 , 0.0244251 , -0.239318
-0.887888,5.635,0.0229062 , 0.0228576 , -0.212143
-0.887888,5.725,0.0215354 , 0.0214966 , -0.179988
-0.887888,5.815,0.0203526 , 0.0203233 , -0.144102
-0.887888,5.905,0.0193403 , 0.0193199 , -0.105704
-0.887888,5.995,0.01848 , 0.0184678 , -0.0660792
-0.887888,6.085,0.0177531 , 0.0177484 , -0.0264866
-0.887888,6.175,0.0171416 , 0.0171436 , 0.01193
-0.887888,6.265,0.0166285 , 0.0166365 , 0.0482064
-0.887888,6.355,0.0161928 , 0.016206 , 0.0816306
-0.887888,6.445,0.0158208 , 0.0158385 , 0.11171
-0.887888,6.535,0.0155051 , 0.0155265 , 0.138111
-0.887888,6.625,0.0152341 , 0.0152586 , 0.160712
-0.887888,6.715,0.014998 , 0.015025 , 0.179548
-0.887888,6.805,0.0147884 , 0.0148172 , 0.194767
-0.887888,6.895,0.0145979 , 0.014628 , 0.206601
-0.887888,6.985,0.0144206 , 0.0144516 , 0.21533
-0.887888,7.075,0.0142515 , 0.0142831 , 0.221257
-0.887888,7.165,0.0140772 , 0.0141089 , 0.224921
-0.887888,7.255,0.0139044 , 0.0139359 , 0.226395
-0.887888,7.345,0.013731 , 0.0137621 , 0.22595
-0.887888,7.435,0.0135554 , 0.0135857 , 0.223847
-0.887888,7.525,0.013376 , 0.0134055 , 0.220325
-0.887888,7.615,0.0131922 , 0.0132206 , 0.215602
-0.887888,7.705,0.0130032 , 0.0130305 , 0.209868
-0.887888,7.795,0.012809 , 0.012835 , 0.203293
-0.887888,7.885,0.0126095 , 0.0126342 , 0.196025
-0.887888,7.975,0.0124039 , 0.0124273 , 0.188231
-0.887888,8.065,0.0121921 , 0.0122141 , 0.180042
-0.887888,8.155,0.0119762 , 0.0119967 , 0.171486
-0.887888,8.245,0.0117567 , 0.0117759 , 0.162649
-0.887888,8.335,0.0115343 , 0.011552 , 0.153604
-0.887888,8.425,0.0113094 , 0.0113257 , 0.144413
-0.887888,8.515,0.0110827 , 0.0110977 , 0.135133
-0.887888,8.605,0.0108548 , 0.0108685 , 0.125809
-0.887888,8.695,0.0106263 , 0.0106386 , 0.116483
-0.887888,8.785,0.0103976 , 0.0104088 , 0.107187
-0.887888,8.875,0.0101695 , 0.0101794 , 0.097953
-0.887888,8.965,0.0099426 , 0.00995143 , 0.0888039
-0.887888,9.055,0.00971739 , 0.00972514 , 0.0797624
-0.887888,9.145,0.00949398 , 0.00950071 , 0.0708476
-0.887888,9.235,0.00927278 , 0.00927854 , 0.0620751
-0.887888,9.325,0.00905413 , 0.00905897 , 0.0534582
-0.887888,9.415,0.00883835 , 0.00884233 , 0.0450078
-0.887888,9.505,0.00862572 , 0.00862889 , 0.0367335
-0.887888,9.595,0.00841648 , 0.00841889 , 0.028643
-0.887888,9.685,0.00821084 , 0.00821254 , 0.0207428
-0.887888,9.775,0.00800898 , 0.00801002 , 0.013038
-0.887888,9.865,0.00781105 , 0.00781148 , 0.00553303
-0.887888,9.955,0.00761717 , 0.00761704 , -0.00176896
-0.884244,1.045,0.591167 , 0.590906 , -0.0441271
-0.884244,1.135,0.532659 , 0.532678 , 0.00354285
-0.884244,1.225,0.495413 , 0.49557 , 0.0317269
-0.884244,1.315,0.417632 , 0.417553 , -0.0190945
-0.884244,1.405,0.378441 , 0.378446 , 0.00142665
-0.884244,1.495,0.343753 , 0.343724 , -0.00842855
-0.884244,1.585,0.316026 , 0.316205 , 0.0566341
-0.884244,1.675,0.27029 , 0.270188 , -0.0377086
-0.884244,1.765,0.26026 , 0.260215 , -0.0171037
-0.884244,1.855,0.234299 , 0.2343 , 0.00023003
-0.884244,1.945,0.206098 , 0.206054 , -0.021434
-0.884244,2.035,0.192815 , 0.192796 , -0.00958109
-0.884244,2.125,0.180536 , 0.180545 , 0.00475586
-0.884244,2.215,0.1651 , 0.165067 , -0.0197332
-0.884244,2.305,0.154732 , 0.154639 , -0.0599216
-0.884244,2.395,0.15274 , 0.152631 , -0.0712893
-0.884244,2.485,0.153462 , 0.153387 , -0.0488526
-0.884244,2.575,0.15012 , 0.150097 , -0.0148738
-0.884244,2.665,0.140889 , 0.140908 , 0.0135792
-0.884244,2.755,0.127965 , 0.128003 , 0.0297702
-0.884244,2.845,0.114526 , 0.114565 , 0.0335507
-0.884244,2.935,0.102766 , 0.102796 , 0.029121
-0.884244,3.025,0.0935705 , 0.0935921 , 0.0231013
-0.884244,3.115,0.0866712 , 0.0866901 , 0.0217775
-0.884244,3.205,0.0813887 , 0.081412 , 0.0286307
-0.884244,3.295,0.0771852 , 0.0772189 , 0.0436712
-0.884244,3.385,0.0738078 , 0.0738552 , 0.0641438
-0.884244,3.475,0.0711221 , 0.0711832 , 0.0858465
-0.884244,3.565,0.0690602 , 0.0691322 , 0.104309
-0.884244,3.655,0.06752 , 0.0675983 , 0.115928
-0.884244,3.745,0.0664794 , 0.0665579 , 0.118154
-0.884244,3.835,0.0657842 , 0.0658568 , 0.110378
-0.884244,3.925,0.0652507 , 0.0653117 , 0.093453
-0.884244,4.015,0.0646763 , 0.064721 , 0.0691392
-0.884244,4.105,0.0638937 , 0.0639189 , 0.0394363
-0.884244,4.195,0.0628161 , 0.06282 , 0.00619784
-0.884244,4.285,0.0613742 , 0.0613565 , -0.0289428
-0.884244,4.375,0.0595466 , 0.0595081 , -0.0646816
-0.884244,4.465,0.0573524 , 0.057295 , -0.0999997
-0.884244,4.555,0.054802 , 0.0547285 , -0.134156
-0.884244,4.645,0.0520069 , 0.0519203 , -0.166446
-0.884244,4.735,0.0490466 , 0.0489503 , -0.196271
-0.884244,4.825,0.0460014 , 0.0458988 , -0.223071
-0.884244,4.915,0.0429466 , 0.0428408 , -0.246292
-0.884244,5.005,0.0399486 , 0.0398426 , -0.265381
-0.884244,5.095,0.037047 , 0.0369433 , -0.279928
-0.884244,5.185,0.0343003 , 0.0342011 , -0.289302
-0.884244,5.275,0.0317407 , 0.0316477 , -0.293025
-0.884244,5.365,0.0293879 , 0.0293025 , -0.290735
-0.884244,5.455,0.0272521 , 0.0271751 , -0.282227
-0.884244,5.545,0.0253349 , 0.0252671 , -0.267494
-0.884244,5.635,0.0236322 , 0.0235739 , -0.246743
-0.884244,5.725,0.0221372 , 0.0220885 , -0.22032
-0.884244,5.815,0.0208338 , 0.0207944 , -0.189212
-0.884244,5.905,0.0197061 , 0.0196757 , -0.15439
-0.884244,5.995,0.018737 , 0.0187151 , -0.116973
-0.884244,6.085,0.0179091 , 0.0178951 , -0.0781465
-0.884244,6.175,0.0172049 , 0.0171982 , -0.0390789
-0.884244,6.265,0.016608 , 0.0166079 , -0.00084438
-0.884244,6.355,0.0160971 , 0.0161028 , 0.0356561
-0.884244,6.445,0.0156585 , 0.0156694 , 0.069724
-0.884244,6.535,0.0152849 , 0.0153003 , 0.100811
-0.884244,6.625,0.0149644 , 0.0149837 , 0.128569
-0.884244,6.715,0.0146868 , 0.0147092 , 0.152827
-0.884244,6.805,0.014443 , 0.014468 , 0.173556
-0.884244,6.895,0.0142252 , 0.0142524 , 0.190844
-0.884244,6.985,0.014027 , 0.0140557 , 0.20486
-0.884244,7.075,0.0138428 , 0.0138726 , 0.215827
-0.884244,7.165,0.0136577 , 0.0136883 , 0.22425
-0.884244,7.255,0.0134788 , 0.0135098 , 0.230159
-0.884244,7.345,0.0133035 , 0.0133346 , 0.233807
-0.884244,7.435,0.0131294 , 0.0131603 , 0.235452
-0.884244,7.525,0.0129548 , 0.0129853 , 0.235336
-0.884244,7.615,0.0127784 , 0.0128083 , 0.233689
-0.884244,7.705,0.0125992 , 0.0126283 , 0.230717
-0.884244,7.795,0.0124166 , 0.0124448 , 0.226609
-0.884244,7.885,0.0122303 , 0.0122574 , 0.221534
-0.884244,7.975,0.0120393 , 0.0120652 , 0.21568
-0.884244,8.065,0.0118428 , 0.0118676 , 0.209201
-0.884244,8.155,0.011643 , 0.0116666 , 0.202141
-0.884244,8.245,0.0114402 , 0.0114625 , 0.194604
-0.884244,8.335,0.0112347 , 0.0112557 , 0.186681
-0.884244,8.425,0.011027 , 0.0110467 , 0.178449
-0.884244,8.515,0.0108174 , 0.0108358 , 0.169978
-0.884244,8.605,0.0106065 , 0.0106236 , 0.16133
-0.884244,8.695,0.0103948 , 0.0104106 , 0.152555
-0.884244,8.785,0.0101826 , 0.0101973 , 0.143699
-0.884244,8.875,0.00997054 , 0.00998398 , 0.134803
-0.884244,8.965,0.00975936 , 0.00977165 , 0.125903
-0.884244,9.055,0.00954936 , 0.00956054 , 0.117027
-0.884244,9.145,0.00934065 , 0.00935075 , 0.1082
-0.884244,9.235,0.00913357 , 0.00914265 , 0.0994446
-0.884244,9.325,0.00892847 , 0.00893657 , 0.0907804
-0.884244,9.415,0.00872564 , 0.00873281 , 0.0822239
-0.884244,9.505,0.00852536 , 0.00853165 , 0.0737897
-0.884244,9.595,0.00832786 , 0.00833331 , 0.0654902
-0.884244,9.685,0.00813336 , 0.00813803 , 0.0573362
-0.884244,9.775,0.00794205 , 0.00794597 , 0.0493367
-0.884244,9.865,0.00775408 , 0.0077573 , 0.0414994
-0.884244,9.955,0.00756959 , 0.00757216 , 0.0338309
-0.8806,1.045,0.590955 , 0.590632 , -0.0546851
-0.8806,1.135,0.525102 , 0.525098 , -0.000817693
-0.8806,1.225,0.487088 , 0.487365 , 0.0569208
-0.8806,1.315,0.419259 , 0.419211 , -0.0114462
-0.8806,1.405,0.374504 , 0.374497 , -0.00178836
-0.8806,1.495,0.345473 , 0.34545 , -0.00678853
-0.8806,1.585,0.311174 , 0.31136 , 0.059597
-0.8806,1.675,0.271514 , 0.271408 , -0.0392638
-0.8806,1.765,0.260229 , 0.260228 , -0.000519533
-0.8806,1.855,0.232087 , 0.232118 , 0.0130337
-0.8806,1.945,0.206134 , 0.206095 , -0.0190617
-0.8806,2.035,0.193445 , 0.193438 , -0.00382061
-0.8806,2.125,0.180024 , 0.180049 , 0.0140417
-0.8806,2.215,0.164676 , 0.16465 , -0.0157351
-0.8806,2.305,0.155552 , 0.155455 , -0.0623032
-0.8806,2.395,0.154235 , 0.154121 , -0.0738763
-0.8806,2.485,0.154375 , 0.154301 , -0.048254
-0.8806,2.575,0.149775 , 0.149757 , -0.0116914
-0.8806,2.665,0.139464 , 0.139488 , 0.0172348
-0.8806,2.755,0.126061 , 0.126102 , 0.0321334
-0.8806,2.845,0.112693 , 0.112732 , 0.0343071
-0.8806,2.935,0.101284 , 0.101314 , 0.0295227
-0.8806,3.025,0.0924633 , 0.0924864 , 0.0250113
-0.8806,3.115,0.0858203 , 0.085843 , 0.0264129
-0.8806,3.205,0.0806418 , 0.0806709 , 0.0360446
-0.8806,3.295,0.0764245 , 0.0764651 , 0.053098
-0.8806,3.385,0.072975 , 0.0730295 , 0.0746485
-0.8806,3.475,0.0702142 , 0.0702821 , 0.0967967
-0.8806,3.565,0.0681128 , 0.0681915 , 0.115544
-0.8806,3.655,0.0665886 , 0.0666736 , 0.127697
-0.8806,3.745,0.0656267 , 0.0657127 , 0.130911
-0.8806,3.835,0.0650692 , 0.0651503 , 0.124602
-0.8806,3.925,0.0647216 , 0.0647925 , 0.109512
-0.8806,4.015,0.0643674 , 0.0644236 , 0.0872333
-0.8806,4.105,0.0638248 , 0.0638628 , 0.059568
-0.8806,4.195,0.0629945 , 0.0630122 , 0.0281642
-0.8806,4.285,0.0617948 , 0.0617914 , -0.00549732
-0.8806,4.375,0.0601939 , 0.0601697 , -0.0402288
-0.8806,4.465,0.0582027 , 0.058159 , -0.0750976
-0.8806,4.555,0.0558245 , 0.0557634 , -0.109415
-0.8806,4.645,0.0531683 , 0.0530925 , -0.142534
-0.8806,4.735,0.0503121 , 0.0502246 , -0.173894
-0.8806,4.825,0.047336 , 0.0472399 , -0.202962
-0.8806,4.915,0.0443166 , 0.044215 , -0.229207
-0.8806,5.005,0.0413229 , 0.0412187 , -0.252085
-0.8806,5.095,0.0383972 , 0.0382931 , -0.271165
-0.8806,5.185,0.0356023 , 0.0355006 , -0.285799
-0.8806,5.275,0.0329743 , 0.0328768 , -0.29545
-0.8806,5.365,0.0305367 , 0.0304452 , -0.299649
-0.8806,5.455,0.0283036 , 0.0282192 , -0.298035
-0.8806,5.545,0.0262803 , 0.026204 , -0.290394
-0.8806,5.635,0.024466 , 0.0243983 , -0.276673
-0.8806,5.725,0.0228568 , 0.0227981 , -0.256895
-0.8806,5.815,0.0214393 , 0.0213896 , -0.231775
-0.8806,5.905,0.0201998 , 0.020159 , -0.202005
-0.8806,5.995,0.0191229 , 0.0190907 , -0.16847
-0.8806,6.085,0.0181924 , 0.0181684 , -0.132191
-0.8806,6.175,0.0173922 , 0.0173758 , -0.094259
-0.8806,6.265,0.0167062 , 0.0166969 , -0.0557569
-0.8806,6.355,0.0161136 , 0.0161108 , -0.017696
-0.8806,6.445,0.0156009 , 0.0156039 , 0.0190822
-0.8806,6.535,0.0151611 , 0.0151693 , 0.0538602
-0.8806,6.625,0.0147822 , 0.014795 , 0.0860773
-0.8806,6.715,0.0144538 , 0.0144705 , 0.115346
-0.8806,6.805,0.0141665 , 0.0141865 , 0.141436
-0.8806,6.895,0.0139121 , 0.013935 , 0.164256
-0.8806,6.985,0.0136837 , 0.0137089 , 0.183825
-0.8806,7.075,0.0134754 , 0.0135023 , 0.200248
-0.8806,7.165,0.013271 , 0.0132994 , 0.213943
-0.8806,7.255,0.0130777 , 0.0131071 , 0.224882
-0.8806,7.345,0.0128926 , 0.0129227 , 0.23327
-0.8806,7.435,0.012713 , 0.0127434 , 0.239337
-0.8806,7.525,0.0125364 , 0.0125669 , 0.243312
-0.8806,7.615,0.0123612 , 0.0123916 , 0.24542
-0.8806,7.705,0.0121861 , 0.012216 , 0.245873
-0.8806,7.795,0.0120099 , 0.0120393 , 0.244871
-0.8806,7.885,0.0118322 , 0.0118609 , 0.242598
-0.8806,7.975,0.0116514 , 0.0116792 , 0.239258
-0.8806,8.065,0.0114666 , 0.0114936 , 0.235028
-0.8806,8.155,0.0112798 , 0.0113057 , 0.229969
-0.8806,8.245,0.0110908 , 0.0111156 , 0.224203
-0.8806,8.335,0.0108998 , 0.0109236 , 0.217839
-0.8806,8.425,0.0107071 , 0.0107297 , 0.210972
-0.8806,8.515,0.010513 , 0.0105344 , 0.203687
-0.8806,8.605,0.0103177 , 0.0103379 , 0.196061
-0.8806,8.695,0.0101216 , 0.0101407 , 0.18816
-0.8806,8.785,0.00992513 , 0.009943 , 0.180043
-0.8806,8.875,0.00972856 , 0.00974527 , 0.17176
-0.8806,8.965,0.00953269 , 0.00954826 , 0.163366
-0.8806,9.055,0.00933771 , 0.00935217 , 0.154896
-0.8806,9.145,0.00914366 , 0.00915705 , 0.14638
-0.8806,9.235,0.00895087 , 0.00896321 , 0.13785
-0.8806,9.325,0.00875961 , 0.00877094 , 0.129331
-0.8806,9.415,0.00857016 , 0.00858051 , 0.120849
-0.8806,9.505,0.00838276 , 0.00839219 , 0.112423
-0.8806,9.595,0.00819765 , 0.00820618 , 0.104073
-0.8806,9.685,0.00801502 , 0.0080227 , 0.095813
-0.8806,9.775,0.00783505 , 0.00784192 , 0.0876581
-0.8806,9.865,0.00765791 , 0.007664 , 0.07962
-0.8806,9.955,0.00748372 , 0.00748908 , 0.0717093
-0.876956,1.045,0.591887 , 0.59152 , -0.0619766
-0.876956,1.135,0.52029 , 0.520238 , -0.00994495
-0.876956,1.225,0.47728 , 0.477653 , 0.0780931
-0.876956,1.315,0.419793 , 0.419802 , 0.00202073
-0.876956,1.405,0.371014 , 0.370992 , -0.00607648
-0.876956,1.495,0.345914 , 0.345905 , -0.00273867
-0.876956,1.585,0.306314 , 0.306497 , 0.0597611
-0.876956,1.675,0.273129 , 0.273021 , -0.0398277
-0.876956,1.765,0.259477 , 0.259516 , 0.0148418
-0.876956,1.855,0.229836 , 0.229887 , 0.0224613
-0.876956,1.945,0.206354 , 0.206322 , -0.0157545
-0.876956,2.035,0.193783 , 0.193793 , 0.0052781
-0.876956,2.125,0.179176 , 0.17922 , 0.0245252
-0.876956,2.215,0.164236 , 0.164215 , -0.0127712
-0.876956,2.305,0.156457 , 0.156355 , -0.065308
-0.876956,2.395,0.155607 , 0.155489 , -0.0759466
-0.876956,2.485,0.154923 , 0.154851 , -0.0469288
-0.876956,2.575,0.149002 , 0.14899 , -0.00815611
-0.876956,2.665,0.137732 , 0.137761 , 0.0208513
-0.876956,2.755,0.124042 , 0.124085 , 0.0344139
-0.876956,2.845,0.110905 , 0.110944 , 0.0354333
-0.876956,2.935,0.0999287 , 0.0999597 , 0.0310435
-0.876956,3.025,0.0914993 , 0.0915255 , 0.028617
-0.876956,3.115,0.0850918 , 0.0851197 , 0.032772
-0.876956,3.205,0.0799884 , 0.0800241 , 0.044616
-0.876956,3.295,0.0757359 , 0.0757834 , 0.0627252
-0.876956,3.385,0.0722028 , 0.0722637 , 0.0842907
-0.876956,3.475,0.0693603 , 0.0694339 , 0.105982
-0.876956,3.565,0.0672108 , 0.0672944 , 0.124469
-0.876956,3.655,0.0656855 , 0.0657755 , 0.137069
-0.876956,3.745,0.0647754 , 0.0648671 , 0.141636
-0.876956,3.835,0.064319 , 0.0644074 , 0.137505
-0.876956,3.925,0.0641148 , 0.0641951 , 0.125152
-0.876956,4.015,0.0639365 , 0.0640042 , 0.105851
-0.876956,4.105,0.0635923 , 0.0636439 , 0.081102
-0.876956,4.195,0.0629743 , 0.0630072 , 0.0522796
-0.876956,4.285,0.0619912 , 0.062004 , 0.0206908
-0.876956,4.375,0.0606022 , 0.0605946 , -0.012586
-0.876956,4.465,0.0588104 , 0.0587829 , -0.0466799
-0.876956,4.555,0.056611 , 0.0565652 , -0.0809218
-0.876956,4.645,0.0541096 , 0.0540475 , -0.11469
-0.876956,4.735,0.0513806 , 0.0513049 , -0.147431
-0.876956,4.825,0.0485022 , 0.0484156 , -0.178614
-0.876956,4.915,0.0455507 , 0.045456 , -0.207709
-0.876956,5.005,0.0425953 , 0.0424956 , -0.234171
-0.876956,5.095,0.03968 , 0.0395778 , -0.257547
-0.876956,5.185,0.0368703 , 0.0367681 , -0.277185
-0.876956,5.275,0.0342051 , 0.034105 , -0.29251
-0.876956,5.365,0.0317114 , 0.0316153 , -0.302986
-0.876956,5.455,0.0294063 , 0.0293157 , -0.308148
-0.876956,5.545,0.0272988 , 0.0272148 , -0.307634
-0.876956,5.635,0.025391 , 0.0253145 , -0.301191
-0.876956,5.725,0.023682 , 0.0236136 , -0.288577
-0.876956,5.815,0.0221613 , 0.0221014 , -0.270262
-0.876956,5.905,0.0208176 , 0.0207663 , -0.246666
-0.876956,5.995,0.0196376 , 0.0195947 , -0.218415
-0.876956,6.085,0.0186067 , 0.018572 , -0.186311
-0.876956,6.175,0.01771 , 0.0176832 , -0.151284
-0.876956,6.265,0.0169327 , 0.0169133 , -0.114333
-0.876956,6.355,0.0162544 , 0.0162419 , -0.0764884
-0.876956,6.445,0.0156622 , 0.0156561 , -0.0386502
-0.876956,6.535,0.0151496 , 0.0151494 , -0.00162695
-0.876956,6.625,0.014705 , 0.01471 , 0.0338558
-0.876956,6.715,0.0143178 , 0.0143275 , 0.0672192
-0.876956,6.805,0.0139786 , 0.0139923 , 0.0980358
-0.876956,6.895,0.0136791 , 0.0136963 , 0.126021
-0.876956,6.985,0.0134119 , 0.0134321 , 0.151019
-0.876956,7.075,0.0131707 , 0.0131935 , 0.172981
-0.876956,7.165,0.0129385 , 0.0129634 , 0.192189
-0.876956,7.255,0.0127227 , 0.0127492 , 0.208539
-0.876956,7.345,0.01252 , 0.0125478 , 0.222157
-0.876956,7.435,0.0123271 , 0.0123559 , 0.233214
-0.876956,7.525,0.0121414 , 0.0121708 , 0.2419
-0.876956,7.615,0.0119607 , 0.0119905 , 0.248415
-0.876956,7.705,0.0117833 , 0.0118131 , 0.252959
-0.876956,7.795,0.0116078 , 0.0116375 , 0.255728
-0.876956,7.885,0.0114332 , 0.0114626 , 0.256911
-0.876956,7.975,0.0112578 , 0.0112867 , 0.25672
-0.876956,8.065,0.0110803 , 0.0111086 , 0.255345
-0.876956,8.155,0.0109023 , 0.0109299 , 0.252866
-0.876956,8.245,0.0107236 , 0.0107503 , 0.249421
-0.876956,8.335,0.0105439 , 0.0105698 , 0.245134
-0.876956,8.425,0.0103634 , 0.0103883 , 0.24012
-0.876956,8.515,0.0101822 , 0.0102061 , 0.23448
-0.876956,8.605,0.0100004 , 0.0100232 , 0.228305
-0.876956,8.695,0.00981813 , 0.00983989 , 0.221678
-0.876956,8.785,0.0096357 , 0.00965638 , 0.214672
-0.876956,8.875,0.00945332 , 0.00947292 , 0.207351
-0.876956,8.965,0.00927164 , 0.00929017 , 0.19979
-0.876956,9.055,0.0090908 , 0.00910825 , 0.192033
-0.876956,9.145,0.00891075 , 0.00892715 , 0.184115
-0.876956,9.235,0.00873174 , 0.00874711 , 0.176077
-0.876956,9.325,0.008554 , 0.00856837 , 0.167954
-0.876956,9.415,0.00837776 , 0.00839115 , 0.15978
-0.876956,9.505,0.00820324 , 0.00821567 , 0.151581
-0.876956,9.595,0.00803061 , 0.00804212 , 0.143385
-0.876956,9.685,0.00786006 , 0.00787069 , 0.135213
-0.876956,9.775,0.00769175 , 0.00770152 , 0.127084
-0.876956,9.865,0.00752582 , 0.00753478 , 0.119016
-0.876956,9.955,0.00736241 , 0.00737058 , 0.111025
-0.873312,1.045,0.593094 , 0.592718 , -0.0633366
-0.873312,1.135,0.518051 , 0.517935 , -0.0223569
-0.873312,1.225,0.466877 , 0.467317 , 0.0941678
-0.873312,1.315,0.418783 , 0.41887 , 0.0208357
-0.873312,1.405,0.368153 , 0.36811 , -0.0115879
-0.873312,1.495,0.344876 , 0.344888 , 0.00349674
-0.873312,1.585,0.30177 , 0.301942 , 0.0572585
-0.873312,1.675,0.274951 , 0.274842 , -0.0393809
-0.873312,1.765,0.257987 , 0.258059 , 0.0277039
-0.873312,1.855,0.227638 , 0.227704 , 0.0287965
-0.873312,1.945,0.206674 , 0.206653 , -0.0103121
-0.873312,2.035,0.193764 , 0.193798 , 0.017491
-0.873312,2.125,0.17807 , 0.178133 , 0.0350692
-0.873312,2.215,0.163866 , 0.163847 , -0.0115901
-0.873312,2.305,0.157437 , 0.157328 , -0.0689304
-0.873312,2.395,0.15677 , 0.156648 , -0.0773744
-0.873312,2.485,0.15502 , 0.15495 , -0.0448711
-0.873312,2.575,0.14776 , 0.147754 , -0.00431357
-0.873312,2.665,0.135692 , 0.135725 , 0.0244403
-0.873312,2.755,0.121924 , 0.121969 , 0.0367654
-0.873312,2.845,0.10917 , 0.109211 , 0.0372131
-0.873312,2.935,0.0986986 , 0.0987322 , 0.0339527
-0.873312,3.025,0.0906671 , 0.090698 , 0.0339916
-0.873312,3.115,0.0844728 , 0.0845071 , 0.0406478
-0.873312,3.205,0.0794199 , 0.0794627 , 0.0538931
-0.873312,3.295,0.0751174 , 0.0751715 , 0.0719554
-0.873312,3.385,0.0714948 , 0.0715609 , 0.0924407
-0.873312,3.475,0.0685661 , 0.0686435 , 0.112842
-0.873312,3.565,0.0663575 , 0.0664442 , 0.130679
-0.873312,3.655,0.0648094 , 0.0649027 , 0.143846
-0.873312,3.745,0.063917 , 0.0640131 , 0.150355
-0.873312,3.835,0.0635176 , 0.0636124 , 0.149323
-0.873312,3.925,0.0634071 , 0.0634963 , 0.140783
-0.873312,4.015,0.0633542 , 0.0634338 , 0.125533
-0.873312,4.105,0.0631623 , 0.0632284 , 0.104661
-0.873312,4.195,0.0627187 , 0.0627684 , 0.079206
-0.873312,4.285,0.0619252 , 0.0619564 , 0.0502871
-0.873312,4.375,0.0607333 , 0.0607447 , 0.0188872
-0.873312,4.465,0.0591381 , 0.0591297 , -0.0141542
-0.873312,4.555,0.0571263 , 0.0570988 , -0.0481487
-0.873312,4.645,0.054798 , 0.0547528 , -0.0824657
-0.873312,4.735,0.0522225 , 0.0521617 , -0.116523
-0.873312,4.825,0.0494739 , 0.0493998 , -0.149765
-0.873312,4.915,0.0466257 , 0.046541 , -0.181637
-0.873312,5.005,0.0437463 , 0.0436537 , -0.211581
-0.873312,5.095,0.040879 , 0.0407813 , -0.239109
-0.873312,5.185,0.0380909 , 0.0379905 , -0.263571
-0.873312,5.275,0.0354229 , 0.0353222 , -0.284368
-0.873312,5.365,0.0329045 , 0.0328055 , -0.300927
-0.873312,5.455,0.0305555 , 0.03046 , -0.312713
-0.873312,5.545,0.028388 , 0.0282973 , -0.319271
-0.873312,5.635,0.026407 , 0.0263225 , -0.320206
-0.873312,5.725,0.0246147 , 0.0245371 , -0.315071
-0.873312,5.815,0.0230036 , 0.0229337 , -0.304137
-0.873312,5.905,0.0215651 , 0.0215031 , -0.287583
-0.873312,5.995,0.020288 , 0.0202341 , -0.265783
-0.873312,6.085,0.01916 , 0.0191141 , -0.2393
-0.873312,6.175,0.0181677 , 0.0181297 , -0.208854
-0.873312,6.265,0.0172977 , 0.0172674 , -0.175285
-0.873312,6.355,0.0165305 , 0.0165074 , -0.139564
-0.873312,6.445,0.0158541 , 0.0158379 , -0.102558
-0.873312,6.535,0.0152629 , 0.015253 , -0.0650737
-0.873312,6.625,0.0147457 , 0.0147416 , -0.0279278
-0.873312,6.715,0.0142921 , 0.0142933 , 0.00816507
-0.873312,6.805,0.0138929 , 0.0138988 , 0.0426121
-0.873312,6.895,0.0135396 , 0.0135497 , 0.0749493
-0.873312,6.985,0.0132249 , 0.0132387 , 0.10484
-0.873312,7.075,0.0129422 , 0.0129593 , 0.132065
-0.873312,7.165,0.0126736 , 0.0126934 , 0.156719
-0.873312,7.255,0.0124268 , 0.012449 , 0.178617
-0.873312,7.345,0.0121982 , 0.0122223 , 0.197771
-0.873312,7.435,0.0119843 , 0.0120099 , 0.214261
-0.873312,7.525,0.0117819 , 0.0118088 , 0.228207
-0.873312,7.615,0.0115886 , 0.0116164 , 0.239754
-0.873312,7.705,0.0114022 , 0.0114306 , 0.249067
-0.873312,7.795,0.011221 , 0.0112498 , 0.256319
-0.873312,7.885,0.0110437 , 0.0110726 , 0.261683
-0.873312,7.975,0.0108683 , 0.0108971 , 0.265366
-0.873312,8.065,0.0106932 , 0.0107218 , 0.267559
-0.873312,8.155,0.0105196 , 0.0105478 , 0.268356
-0.873312,8.245,0.0103469 , 0.0103746 , 0.267904
-0.873312,8.335,0.0101749 , 0.010202 , 0.266343
-0.873312,8.425,0.0100033 , 0.0100296 , 0.263799
-0.873312,8.515,0.00983196 , 0.00985756 , 0.260389
-0.873312,8.605,0.00966092 , 0.00968567 , 0.256221
-0.873312,8.695,0.00949017 , 0.00951403 , 0.251391
-0.873312,8.785,0.00931977 , 0.00934269 , 0.245989
-0.873312,8.875,0.00914983 , 0.0091718 , 0.240093
-0.873312,8.965,0.00898083 , 0.00900183 , 0.233802
-0.873312,9.055,0.00881282 , 0.00883284 , 0.22717
-0.873312,9.145,0.00864569 , 0.00866473 , 0.220235
-0.873312,9.235,0.0084796 , 0.00849766 , 0.213051
-0.873312,9.325,0.00831471 , 0.00833181 , 0.205663
-0.873312,9.415,0.00815118 , 0.00816733 , 0.198114
-0.873312,9.505,0.00798916 , 0.00800438 , 0.190441
-0.873312,9.595,0.00782881 , 0.00784311 , 0.182678
-0.873312,9.685,0.00767026 , 0.00768367 , 0.174855
-0.873312,9.775,0.00751364 , 0.00752619 , 0.166999
-0.873312,9.865,0.00735908 , 0.00737079 , 0.159133
-0.873312,9.955,0.00720666 , 0.00721757 , 0.151279
-0.869668,1.045,0.593186 , 0.592849 , -0.0568308
-0.869668,1.135,0.518067 , 0.51788 , -0.0361854
-0.869668,1.225,0.456577 , 0.457057 , 0.105165
-0.869668,1.315,0.416068 , 0.416245 , 0.0425723
-0.869668,1.405,0.366127 , 0.366063 , -0.0176265
-0.869668,1.495,0.342216 , 0.342256 , 0.0116082
-0.869668,1.585,0.297798 , 0.297953 , 0.0518364
-0.869668,1.675,0.276769 , 0.276662 , -0.0385153
-0.869668,1.765,0.255854 , 0.255949 , 0.0372129
-0.869668,1.855,0.225597 , 0.225672 , 0.0333428
-0.869668,1.945,0.206975 , 0.206972 , -0.00145157
-0.869668,2.035,0.193337 , 0.193399 , 0.0319844
-0.869668,2.125,0.176794 , 0.176872 , 0.0439132
-0.869668,2.215,0.163637 , 0.163616 , -0.0131606
-0.869668,2.305,0.158459 , 0.158343 , -0.0731998
-0.869668,2.395,0.157647 , 0.157524 , -0.07804
-0.869668,2.485,0.154626 , 0.154561 , -0.0420429
-0.869668,2.575,0.146072 , 0.146072 , -0.000138144
-0.869668,2.665,0.133407 , 0.133444 , 0.0281376
-0.869668,2.755,0.119769 , 0.119817 , 0.0395129
-0.869668,2.845,0.107534 , 0.107577 , 0.0400976
-0.869668,2.935,0.0976129 , 0.0976507 , 0.038627
-0.869668,3.025,0.0899702 , 0.0900074 , 0.0412539
-0.869668,3.115,0.0839619 , 0.0840037 , 0.0498601
-0.869668,3.205,0.0789386 , 0.0789887 , 0.0634788
-0.869668,3.295,0.0745779 , 0.0746378 , 0.0803021
-0.869668,3.385,0.0708655 , 0.0709354 , 0.0986394
-0.869668,3.475,0.067849 , 0.0679284 , 0.11703
-0.869668,3.565,0.06557 , 0.0656578 , 0.133975
-0.869668,3.655,0.0639737 , 0.0640684 , 0.147978
-0.869668,3.745,0.0630592 , 0.0631583 , 0.157146
-0.869668,3.835,0.0626661 , 0.0627665 , 0.160226
-0.869668,3.925,0.0625925 , 0.0626905 , 0.156629
-0.869668,4.015,0.0626081 , 0.0626999 , 0.146526
-0.869668,4.105,0.0625163 , 0.0625979 , 0.130489
-0.869668,4.195,0.0622042 , 0.0622721 , 0.109168
-0.869668,4.285,0.0615691 , 0.0616205 , 0.0834818
-0.869668,4.375,0.060556 , 0.0605889 , 0.0543359
-0.869668,4.465,0.0591522 , 0.0591656 , 0.0225713
-0.869668,4.555,0.0573349 , 0.0573286 , -0.0110616
-0.869668,4.645,0.0551973 , 0.055172 , -0.0458867
-0.869668,4.735,0.0528012 , 0.0527582 , -0.081257
-0.869668,4.825,0.0502145 , 0.050156 , -0.116557
-0.869668,4.915,0.0475063 , 0.0474345 , -0.151186
-0.869668,5.005,0.0447417 , 0.0446592 , -0.184547
-0.869668,5.095,0.041962 , 0.0418713 , -0.216112
-0.869668,5.185,0.0392345 , 0.0391382 , -0.245225
-0.869668,5.275,0.0366008 , 0.0365015 , -0.271273
-0.869668,5.365,0.034092 , 0.0339918 , -0.293657
-0.869668,5.455,0.0317303 , 0.0316313 , -0.311812
-0.869668,5.545,0.0295302 , 0.0294342 , -0.325224
-0.869668,5.635,0.0274999 , 0.0274082 , -0.333412
-0.869668,5.725,0.0256441 , 0.025558 , -0.335789
-0.869668,5.815,0.0239588 , 0.0238791 , -0.332477
-0.869668,5.905,0.022438 , 0.0223654 , -0.323464
-0.869668,5.995,0.0210732 , 0.0210081 , -0.308909
-0.869668,6.085,0.0198542 , 0.0197968 , -0.289148
-0.869668,6.175,0.0187699 , 0.0187202 , -0.264681
-0.869668,6.265,0.0178084 , 0.0177663 , -0.236148
-0.869668,6.355,0.0169515 , 0.0169168 , -0.204403
-0.869668,6.445,0.0161883 , 0.0161608 , -0.170206
-0.869668,6.535,0.0155145 , 0.0154936 , -0.134269
-0.869668,6.625,0.0149193 , 0.0149048 , -0.0974124
-0.869668,6.715,0.014393 , 0.0143844 , -0.0604083
-0.869668,6.805,0.0139267 , 0.0139234 , -0.0239515
-0.869668,6.895,0.0135122 , 0.0135137 , 0.0113596
-0.869668,6.985,0.0131421 , 0.013148 , 0.0450334
-0.869668,7.075,0.0128098 , 0.0128196 , 0.0766878
-0.869668,7.165,0.0124965 , 0.0125098 , 0.106199
-0.869668,7.255,0.0122105 , 0.0122268 , 0.133306
-0.869668,7.345,0.011948 , 0.0119668 , 0.157891
-0.869668,7.435,0.0117051 , 0.0117261 , 0.179911
-0.869668,7.525,0.0114784 , 0.0115012 , 0.199383
-0.869668,7.615,0.011265 , 0.0112894 , 0.216373
-0.869668,7.705,0.0110626 , 0.0110882 , 0.230976
-0.869668,7.795,0.0108691 , 0.0108955 , 0.243315
-0.869668,7.885,0.0106828 , 0.0107098 , 0.253528
-0.869668,7.975,0.0105013 , 0.0105288 , 0.261793
-0.869668,8.065,0.0103231 , 0.0103508 , 0.268281
-0.869668,8.155,0.0101487 , 0.0101764 , 0.273091
-0.869668,8.245,0.00997735 , 0.0100049 , 0.276371
-0.869668,8.335,0.00980854 , 0.00983583 , 0.278262
-0.869668,8.425,0.00964178 , 0.00966867 , 0.278899
-0.869668,8.515,0.00947672 , 0.00950311 , 0.278409
-0.869668,8.605,0.00931314 , 0.00933893 , 0.276912
-0.869668,8.695,0.00915085 , 0.00917597 , 0.274517
-0.869668,8.785,0.00898975 , 0.00901415 , 0.271327
-0.869668,8.875,0.0088298 , 0.00885342 , 0.267435
-0.869668,8.965,0.00867129 , 0.00869409 , 0.262966
-0.869668,9.055,0.00851415 , 0.00853612 , 0.257984
-0.869668,9.145,0.00835821 , 0.00837932 , 0.25253
-0.869668,9.235,0.00820354 , 0.00822377 , 0.246669
-0.869668,9.325,0.00805019 , 0.00806955 , 0.240459
-0.869668,9.415,0.00789826 , 0.00791674 , 0.233954
-0.869668,9.505,0.00774783 , 0.00776544 , 0.2272
-0.869668,9.595,0.00759899 , 0.00761573 , 0.220243
-0.869668,9.685,0.00745183 , 0.00746771 , 0.213119
-0.869668,9.775,0.00730643 , 0.00732147 , 0.205865
-0.869668,9.865,0.00716287 , 0.00717709 , 0.198513
-0.869668,9.955,0.00702123 , 0.00703464 , 0.19109
-0.866024,1.045,0.590991 , 0.590742 , -0.0422638
-0.866024,1.135,0.519417 , 0.519162 , -0.0490551
-0.866024,1.225,0.447098 , 0.4476 , 0.112263
-0.866024,1.315,0.411687 , 0.411952 , 0.0641921
-0.866024,1.405,0.364791 , 0.364709 , -0.0224996
-0.866024,1.495,0.337985 , 0.338054 , 0.0204472
-0.866024,1.585,0.294712 , 0.29484 , 0.0433442
-0.866024,1.675,0.27838 , 0.278275 , -0.0376538
-0.866024,1.765,0.253117 , 0.253226 , 0.0430538
-0.866024,1.855,0.22371 , 0.223794 , 0.0376391
-0.866024,1.945,0.207152 , 0.207176 , 0.0113099
-0.866024,2.035,0.192549 , 0.19264 , 0.0472437
-0.866024,2.125,0.175505 , 0.175591 , 0.0493483
-0.866024,2.215,0.163621 , 0.163592 , -0.0177967
-0.866024,2.305,0.159464 , 0.15934 , -0.0776507
-0.866024,2.395,0.158134 , 0.158011 , -0.0776838
-0.866024,2.485,0.153677 , 0.153618 , -0.0385043
-0.866024,2.575,0.143935 , 0.143941 , 0.00416217
-0.866024,2.665,0.130908 , 0.13095 , 0.0317862
-0.866024,2.755,0.117615 , 0.117665 , 0.0426701
-0.866024,2.845,0.106017 , 0.106064 , 0.0442175
-0.866024,2.935,0.0966771 , 0.0967208 , 0.0451403
-0.866024,3.025,0.089406 , 0.089451 , 0.0502984
-0.866024,3.115,0.0835565 , 0.0836067 , 0.060133
-0.866024,3.205,0.0785459 , 0.0786033 , 0.073018
-0.866024,3.295,0.0741236 , 0.0741884 , 0.0874355
-0.866024,3.385,0.0703231 , 0.0703953 , 0.102663
-0.866024,3.475,0.0672156 , 0.0672952 , 0.118467
-0.866024,3.565,0.0648503 , 0.0649375 , 0.134427
-0.866024,3.655,0.063174 , 0.0632686 , 0.149652
-0.866024,3.745,0.0621905 , 0.0622914 , 0.162273
-0.866024,3.835,0.0617459 , 0.0618512 , 0.170525
-0.866024,3.925,0.0616467 , 0.0617534 , 0.173037
-0.866024,4.015,0.0616693 , 0.0617737 , 0.169206
-0.866024,4.105,0.0616224 , 0.0617204 , 0.158992
-0.866024,4.195,0.061397 , 0.0614845 , 0.142595
-0.866024,4.285,0.0608882 , 0.0609617 , 0.12072
-0.866024,4.375,0.0600357 , 0.0600923 , 0.0942083
-0.866024,4.465,0.0588189 , 0.0588565 , 0.0639354
-0.866024,4.555,0.0572041 , 0.0572217 , 0.0307566
-0.866024,4.645,0.055276 , 0.0552734 , -0.00456853
-0.866024,4.735,0.0530868 , 0.0530648 , -0.041289
-0.866024,4.825,0.0506963 , 0.0506564 , -0.0786958
-0.866024,4.915,0.0481667 , 0.0481108 , -0.116112
-0.866024,5.005,0.0455582 , 0.0454885 , -0.15288
-0.866024,5.095,0.0429079 , 0.0428271 , -0.188416
-0.866024,5.185,0.0402822 , 0.0401928 , -0.222052
-0.866024,5.275,0.0377224 , 0.0376269 , -0.253158
-0.866024,5.365,0.0352602 , 0.0351611 , -0.281128
-0.866024,5.455,0.0329195 , 0.032819 , -0.30538
-0.866024,5.545,0.0307172 , 0.0306172 , -0.325377
-0.866024,5.635,0.0286639 , 0.0285663 , -0.340595
-0.866024,5.725,0.026767 , 0.0266732 , -0.350362
-0.866024,5.815,0.025026 , 0.0249372 , -0.354703
-0.866024,5.905,0.0234379 , 0.023355 , -0.35347
-0.866024,5.995,0.0219968 , 0.0219206 , -0.346658
-0.866024,6.085,0.0206954 , 0.0206262 , -0.33441
-0.866024,6.175,0.0195245 , 0.0194626 , -0.317023
-0.866024,6.265,0.0184745 , 0.01842 , -0.294933
-0.866024,6.355,0.0175287 , 0.0174816 , -0.268849
-0.866024,6.445,0.0166777 , 0.0166378 , -0.239374
-0.866024,6.535,0.0159184 , 0.0158854 , -0.207054
-0.866024,6.625,0.0152411 , 0.0152148 , -0.172633
-0.866024,6.715,0.0146369 , 0.0146169 , -0.136855
-0.866024,6.805,0.0140974 , 0.0140832 , -0.100437
-0.866024,6.895,0.0136147 , 0.013606 , -0.0640426
-0.866024,6.985,0.0131817 , 0.013178 , -0.0282624
-0.866024,7.075,0.012792 , 0.0127928 , 0.00639626
-0.866024,7.165,0.012426 , 0.012431 , 0.039579
-0.866024,7.255,0.0120928 , 0.0121013 , 0.0709865
-0.866024,7.345,0.0117882 , 0.0118 , 0.100363
-0.866024,7.435,0.0115082 , 0.0115229 , 0.127533
-0.866024,7.525,0.0112493 , 0.0112664 , 0.152389
-0.866024,7.615,0.0110083 , 0.0110275 , 0.174884
-0.866024,7.705,0.0107824 , 0.0108035 , 0.195021
-0.866024,7.795,0.0105694 , 0.0105919 , 0.212843
-0.866024,7.885,0.0103673 , 0.0103909 , 0.228425
-0.866024,7.975,0.0101734 , 0.010198 , 0.241883
-0.866024,8.065,0.00998593 , 0.0100112 , 0.25335
-0.866024,8.155,0.00980504 , 0.00983082 , 0.26291
-0.866024,8.245,0.00962972 , 0.00965579 , 0.270692
-0.866024,8.335,0.00945914 , 0.00948532 , 0.276826
-0.866024,8.425,0.00929258 , 0.00931873 , 0.281443
-0.866024,8.515,0.00912948 , 0.00915547 , 0.284671
-0.866024,8.605,0.00896938 , 0.00899509 , 0.28663
-0.866024,8.695,0.0088119 , 0.00883723 , 0.28744
-0.866024,8.785,0.00865678 , 0.00868164 , 0.287211
-0.866024,8.875,0.00850377 , 0.0085281 , 0.286047
-0.866024,8.965,0.00835295 , 0.00837668 , 0.284099
-0.866024,9.055,0.00820414 , 0.00822723 , 0.281439
-0.866024,9.145,0.0080571 , 0.00807951 , 0.278109
-0.866024,9.235,0.00791179 , 0.00793348 , 0.274186
-0.866024,9.325,0.00776816 , 0.00778911 , 0.26974
-0.866024,9.415,0.00762621 , 0.00764641 , 0.264835
-0.866024,9.505,0.00748594 , 0.00750537 , 0.25953
-0.866024,9.595,0.00734736 , 0.00736602 , 0.253879
-0.866024,9.685,0.00721051 , 0.00722838 , 0.247931
-0.866024,9.775,0.0070754 , 0.0070925 , 0.24173
-0.866024,9.865,0.00694207 , 0.0069584 , 0.235317
-0.866024,9.955,0.00681055 , 0.00682613 , 0.228729
-0.86238,1.045,0.585672 , 0.585544 , -0.021859
-0.86238,1.135,0.520992 , 0.520688 , -0.0584932
-0.86238,1.225,0.438978 , 0.439488 , 0.116204
-0.86238,1.315,0.405975 , 0.406309 , 0.082275
-0.86238,1.405,0.363837 , 0.363752 , -0.0234321
-0.86238,1.495,0.332448 , 0.332541 , 0.0278989
-0.86238,1.585,0.292753 , 0.292845 , 0.0313583
-0.86238,1.675,0.279551 , 0.279447 , -0.0373214
-0.86238,1.765,0.249858 , 0.249972 , 0.0455692
-0.86238,1.855,0.221966 , 0.222063 , 0.0436453
-0.86238,1.945,0.207122 , 0.20718 , 0.027985
-0.86238,2.035,0.191489 , 0.191606 , 0.061359
-0.86238,2.125,0.174344 , 0.174431 , 0.0498846
-0.86238,2.215,0.163826 , 0.163785 , -0.0252671
-0.86238,2.305,0.160337 , 0.160206 , -0.0815849
-0.86238,2.395,0.158116 , 0.157995 , -0.07606
-0.86238,2.485,0.152139 , 0.152087 , -0.0344346
-0.86238,2.575,0.141392 , 0.141404 , 0.00823849
-0.86238,2.665,0.128271 , 0.128316 , 0.035135
-0.86238,2.755,0.115524 , 0.115578 , 0.046214
-0.86238,2.845,0.104654 , 0.104706 , 0.0496803
-0.86238,2.935,0.0959016 , 0.095953 , 0.0535313
-0.86238,3.025,0.0889716 , 0.0890259 , 0.0609913
-0.86238,3.115,0.0832511 , 0.0833103 , 0.071195
-0.86238,3.205,0.0782393 , 0.0783037 , 0.082203
-0.86238,3.295,0.0737553 , 0.073824 , 0.0931094
-0.86238,3.385,0.0698702 , 0.0699432 , 0.104385
-0.86238,3.475,0.0666674 , 0.0667455 , 0.117152
-0.86238,3.565,0.0641965 , 0.0642813 , 0.132111
-0.86238,3.655,0.0624036 , 0.0624965 , 0.148955
-0.86238,3.745,0.0612994 , 0.061401 , 0.165781
-0.86238,3.835,0.0607415 , 0.0608509 , 0.180207
-0.86238,3.925,0.0605506 , 0.0606657 , 0.189951
-0.86238,4.015,0.0605163 , 0.0606334 , 0.193513
-0.86238,4.105,0.0604575 , 0.0605724 , 0.19014
-0.86238,4.195,0.0602727 , 0.0603808 , 0.179513
-0.86238,4.285,0.0598574 , 0.0599545 , 0.162089
-0.86238,4.375,0.0591468 , 0.0592288 , 0.138652
-0.86238,4.465,0.0581118 , 0.0581758 , 0.110135
-0.86238,4.555,0.0567073 , 0.0567513 , 0.0775404
-0.86238,4.645,0.0550072 , 0.0550302 , 0.0417484
-0.86238,4.735,0.0530525 , 0.0530544 , 0.00365479
-0.86238,4.825,0.0508925 , 0.0508742 , -0.0359008
-0.86238,4.915,0.0485806 , 0.0485436 , -0.0761326
-0.86238,5.005,0.04617 , 0.0461163 , -0.116301
-0.86238,5.095,0.0436922 , 0.0436242 , -0.155748
-0.86238,5.185,0.0412111 , 0.0411312 , -0.19378
-0.86238,5.275,0.0387664 , 0.0386774 , -0.229753
-0.86238,5.365,0.0363899 , 0.0362942 , -0.263053
-0.86238,5.455,0.0341063 , 0.0340064 , -0.2931
-0.86238,5.545,0.0319344 , 0.0318324 , -0.319355
-0.86238,5.635,0.0298872 , 0.0297852 , -0.341286
-0.86238,5.725,0.0279745 , 0.0278743 , -0.358186
-0.86238,5.815,0.0261993 , 0.0261023 , -0.370022
-0.86238,5.905,0.0245616 , 0.0244691 , -0.376565
-0.86238,5.995,0.0230587 , 0.0229716 , -0.377698
-0.86238,6.085,0.0216858 , 0.0216048 , -0.373424
-0.86238,6.175,0.0204365 , 0.0203621 , -0.363872
-0.86238,6.265,0.0193035 , 0.019236 , -0.349296
-0.86238,6.355,0.0182719 , 0.0182115 , -0.330259
-0.86238,6.445,0.0173341 , 0.0172808 , -0.307196
-0.86238,6.535,0.0164885 , 0.0164422 , -0.280445
-0.86238,6.625,0.0157267 , 0.0156873 , -0.250615
-0.86238,6.715,0.0150408 , 0.015008 , -0.218349
-0.86238,6.805,0.0144231 , 0.0143965 , -0.184307
-0.86238,6.895,0.0138664 , 0.0138458 , -0.149137
-0.86238,6.985,0.0133641 , 0.0133489 , -0.113455
-0.86238,7.075,0.0129098 , 0.0128998 , -0.0778308
-0.86238,7.165,0.0124839 , 0.0124785 , -0.0428301
-0.86238,7.255,0.0120956 , 0.0120945 , -0.00873005
-0.86238,7.345,0.0117411 , 0.0117439 , 0.0241018
-0.86238,7.435,0.0114162 , 0.0114225 , 0.0553632
-0.86238,7.525,0.0111171 , 0.0111266 , 0.084821
-0.86238,7.615,0.0108406 , 0.0108528 , 0.112306
-0.86238,7.705,0.0105837 , 0.0105983 , 0.137708
-0.86238,7.795,0.0103438 , 0.0103604 , 0.160966
-0.86238,7.885,0.0101186 , 0.010137 , 0.182065
-0.86238,7.975,0.00990541 , 0.00992532 , 0.201036
-0.86238,8.065,0.00970207 , 0.00972321 , 0.217939
-0.86238,8.155,0.0095084 , 0.00953054 , 0.232822
-0.86238,8.245,0.00932312 , 0.00934604 , 0.245771
-0.86238,8.335,0.00914512 , 0.00916861 , 0.256885
-0.86238,8.425,0.00897345 , 0.00899735 , 0.26627
-0.86238,8.515,0.00880732 , 0.00883145 , 0.274038
-0.86238,8.605,0.00864603 , 0.00867026 , 0.280301
-0.86238,8.695,0.00848902 , 0.00851323 , 0.285172
-0.86238,8.785,0.00833581 , 0.00835988 , 0.288761
-0.86238,8.875,0.008186 , 0.00820984 , 0.291173
-0.86238,8.965,0.00803938 , 0.0080629 , 0.292582
-0.86238,9.055,0.00789566 , 0.0079188 , 0.293063
-0.86238,9.145,0.00775456 , 0.00777725 , 0.292654
-0.86238,9.235,0.00761588 , 0.00763807 , 0.291442
-0.86238,9.325,0.00747948 , 0.00750114 , 0.289506
-0.86238,9.415,0.00734525 , 0.00736632 , 0.28692
-0.86238,9.505,0.00721309 , 0.00723356 , 0.283754
-0.86238,9.595,0.00708293 , 0.00710277 , 0.280072
-0.86238,9.685,0.00695472 , 0.00697391 , 0.275932
-0.86238,9.775,0.00682842 , 0.00684695 , 0.271389
-0.86238,9.865,0.006704 , 0.00672187 , 0.266493
-0.86238,9.955,0.00658144 , 0.00659864 , 0.261289
-0.858736,1.045,0.577356 , 0.577351 , -0.000771739
-0.858736,1.135,0.521123 , 0.520801 , -0.0618328
-0.858736,1.225,0.432952 , 0.433459 , 0.117144
-0.858736,1.315,0.399215 , 0.399591 , 0.09428
-0.858736,1.405,0.362673 , 0.36261 , -0.0175266
-0.858736,1.495,0.326204 , 0.326304 , 0.0307422
-0.858736,1.585,0.292119 , 0.292166 , 0.0158889
-0.858736,1.675,0.280037 , 0.27993 , -0.0381715
-0.858736,1.765,0.24614 , 0.246251 , 0.0448388
-0.858736,1.855,0.220349 , 0.220465 , 0.052486
-0.858736,1.945,0.206889 , 0.206987 , 0.0476628
-0.858736,2.035,0.19032 , 0.190458 , 0.0724692
-0.858736,2.125,0.173442 , 0.17352 , 0.0451989
-0.858736,2.215,0.164205 , 0.164149 , -0.0340967
-0.858736,2.305,0.160925 , 0.16079 , -0.0837534
-0.858736,2.395,0.157477 , 0.157363 , -0.0729091
-0.858736,2.485,0.149999 , 0.149954 , -0.0303332
-0.858736,2.575,0.138507 , 0.138522 , 0.0112722
-0.858736,2.665,0.125579 , 0.125626 , 0.0374682
-0.858736,2.755,0.113563 , 0.11362 , 0.0497239
-0.858736,2.845,0.103482 , 0.103541 , 0.0562677
-0.858736,2.935,0.0953004 , 0.095361 , 0.0636099
-0.858736,3.025,0.0886695 , 0.0887344 , 0.0731081
-0.858736,3.115,0.0830457 , 0.0831145 , 0.0828356
-0.858736,3.205,0.0780206 , 0.0780916 , 0.0909144
-0.858736,3.295,0.0734766 , 0.0735482 , 0.0973467
-0.858736,3.385,0.0695101 , 0.0695824 , 0.103968
-0.858736,3.475,0.0662053 , 0.0662804 , 0.113322
-0.858736,3.565,0.0636058 , 0.0636868 , 0.127234
-0.858736,3.655,0.0616561 , 0.0617461 , 0.145954
-0.858736,3.745,0.0603761 , 0.0604773 , 0.167536
-0.858736,3.835,0.0596404 , 0.0597531 , 0.188947
-0.858736,3.925,0.0592903 , 0.059413 , 0.206924
-0.858736,4.015,0.0591338 , 0.0592633 , 0.218967
-0.858736,4.105,0.0590051 , 0.059137 , 0.223508
-0.858736,4.195,0.058814 , 0.0589432 , 0.21961
-0.858736,4.285,0.0584585 , 0.0585797 , 0.207426
-0.858736,4.375,0.0578695 , 0.0579781 , 0.187655
-0.858736,4.465,0.0570098 , 0.0571018 , 0.1613
-0.858736,4.555,0.0558217 , 0.055894 , 0.129543
-0.858736,4.645,0.0543667 , 0.0544175 , 0.0934203
-0.858736,4.735,0.0526725 , 0.0527009 , 0.0540134
-0.858736,4.825,0.0507761 , 0.0507824 , 0.0123322
-0.858736,4.915,0.0487202 , 0.0487052 , -0.0306955
-0.858736,5.005,0.0465491 , 0.0465146 , -0.07422
-0.858736,5.095,0.0442872 , 0.0442351 , -0.11749
-0.858736,5.185,0.0419941 , 0.041927 , -0.159776
-0.858736,5.275,0.0397073 , 0.0396277 , -0.20041
-0.858736,5.365,0.0374573 , 0.0373678 , -0.238775
-0.858736,5.455,0.0352692 , 0.0351725 , -0.2743
-0.858736,5.545,0.033163 , 0.0330614 , -0.306461
-0.858736,5.635,0.0311539 , 0.0310496 , -0.334739
-0.858736,5.725,0.0292536 , 0.0291488 , -0.358431
-0.858736,5.815,0.0274689 , 0.0273652 , -0.37748
-0.858736,5.905,0.0258027 , 0.0257017 , -0.391621
-0.858736,5.995,0.0242556 , 0.0241584 , -0.400674
-0.858736,6.085,0.0228255 , 0.0227332 , -0.404552
-0.858736,6.175,0.021509 , 0.0214223 , -0.403263
-0.858736,6.265,0.0203013 , 0.0202207 , -0.396916
-0.858736,6.355,0.0191898 , 0.0191158 , -0.385956
-0.858736,6.445,0.0181689 , 0.0181015 , -0.370656
-0.858736,6.535,0.0172386 , 0.017178 , -0.35115
-0.858736,6.625,0.0163921 , 0.0163383 , -0.327877
-0.858736,6.715,0.0156226 , 0.0155755 , -0.301339
-0.858736,6.805,0.0149236 , 0.014883 , -0.272076
-0.858736,6.895,0.0142885 , 0.0142542 , -0.24065
-0.858736,6.985,0.0137115 , 0.013683 , -0.207627
-0.858736,7.075,0.0131867 , 0.0131639 , -0.173562
-0.858736,7.165,0.0126941 , 0.0126764 , -0.139192
-0.858736,7.255,0.0122437 , 0.0122309 , -0.104695
-0.858736,7.345,0.0118319 , 0.0118236 , -0.0704962
-0.858736,7.435,0.0114544 , 0.0114502 , -0.0369875
-0.858736,7.525,0.0111075 , 0.011107 , -0.00450303
-0.858736,7.615,0.0107877 , 0.0107906 , 0.026679
-0.858736,7.705,0.0104919 , 0.0104978 , 0.0563359
-0.858736,7.795,0.0102173 , 0.010226 , 0.0842974
-0.858736,7.885,0.00996156 , 0.00997257 , 0.110442
-0.858736,7.975,0.00972173 , 0.00973482 , 0.134696
-0.858736,8.065,0.00949545 , 0.00951036 , 0.157027
-0.858736,8.155,0.00928215 , 0.00929862 , 0.177416
-0.858736,8.245,0.00908032 , 0.00909811 , 0.195883
-0.858736,8.335,0.0088886 , 0.00890748 , 0.212469
-0.858736,8.425,0.0087058 , 0.00872559 , 0.227233
-0.858736,8.515,0.00853092 , 0.00855141 , 0.240249
-0.858736,8.605,0.00836303 , 0.00838407 , 0.251599
-0.858736,8.695,0.00820138 , 0.00822281 , 0.261371
-0.858736,8.785,0.00804527 , 0.00806697 , 0.26966
-0.858736,8.875,0.00789414 , 0.00791597 , 0.27656
-0.858736,8.965,0.00774747 , 0.00776933 , 0.282249
-0.858736,9.055,0.00760486 , 0.00762667 , 0.286799
-0.858736,9.145,0.00746597 , 0.00748764 , 0.29024
-0.858736,9.235,0.00733047 , 0.00735192 , 0.29266
-0.858736,9.325,0.0071981 , 0.00721927 , 0.294142
-0.858736,9.415,0.00706861 , 0.00708945 , 0.294767
-0.858736,9.505,0.00694182 , 0.00696227 , 0.294609
-0.858736,9.595,0.00681755 , 0.00683758 , 0.29374
-0.858736,9.685,0.00669567 , 0.00671524 , 0.292228
-0.858736,9.775,0.00657605 , 0.00659513 , 0.290135
-0.858736,9.865,0.00645861 , 0.00647718 , 0.287518
-0.858736,9.955,0.00634324 , 0.00636129 , 0.284433
-0.855092,1.045,0.566858 , 0.566947 , 0.015719
-0.855092,1.135,0.518346 , 0.518044 , -0.0582438
-0.855092,1.225,0.429663 , 0.430152 , 0.113882
-0.855092,1.315,0.391625 , 0.392013 , 0.0990529
-0.855092,1.405,0.360823 , 0.360813 , -0.00289422
-0.855092,1.495,0.320104 , 0.320184 , 0.024956
-0.855092,1.585,0.292739 , 0.292733 , -0.00212962
-0.855092,1.675,0.279529 , 0.279415 , -0.0407949
-0.855092,1.765,0.242082 , 0.242181 , 0.0409168
-0.855092,1.855,0.218891 , 0.219033 , 0.064894
-0.855092,1.945,0.206508 , 0.206651 , 0.069238
-0.855092,2.035,0.189191 , 0.189342 , 0.0794325
-0.855092,2.125,0.172828 , 0.17289 , 0.03642
-0.855092,2.215,0.164587 , 0.164518 , -0.0418896
-0.855092,2.305,0.161006 , 0.160873 , -0.0828013
-0.855092,2.395,0.156098 , 0.155991 , -0.0683153
-0.855092,2.485,0.147272 , 0.147232 , -0.0272661
-0.855092,2.575,0.135376 , 0.135392 , 0.0118713
-0.855092,2.665,0.12294 , 0.122986 , 0.0376413
-0.855092,2.755,0.111807 , 0.111866 , 0.0524978
-0.855092,2.845,0.102536 , 0.102601 , 0.0635571
-0.855092,2.935,0.0948772 , 0.0949484 , 0.0750201
-0.855092,3.025,0.0884895 , 0.0885658 , 0.0862821
-0.855092,3.115,0.0829273 , 0.0830058 , 0.094697
-0.855092,3.205,0.0778786 , 0.0779556 , 0.0988388
-0.855092,3.295,0.073279 , 0.0733521 , 0.0998833
-0.855092,3.385,0.0692351 , 0.0693052 , 0.101149
-0.855092,3.475,0.065821 , 0.0658911 , 0.106615
-0.855092,3.565,0.0630681 , 0.0631433 , 0.119208
-0.855092,3.655,0.0609191 , 0.0610042 , 0.139734
-0.855092,3.745,0.0594066 , 0.0595054 , 0.166274
-0.855092,3.835,0.0584273 , 0.0585414 , 0.195209
-0.855092,3.925,0.0578493 , 0.0579779 , 0.222299
-0.855092,4.015,0.057505 , 0.0576453 , 0.243973
-0.855092,4.105,0.057248 , 0.0573955 , 0.257719
-0.855092,4.195,0.0570028 , 0.0571521 , 0.261846
-0.855092,4.285,0.0566717 , 0.0568168 , 0.256081
-0.855092,4.375,0.0561827 , 0.0563181 , 0.240972
-0.855092,4.465,0.0554898 , 0.0556106 , 0.217562
-0.855092,4.555,0.0545222 , 0.0546243 , 0.187237
-0.855092,4.645,0.0533274 , 0.053408 , 0.151211
-0.855092,4.735,0.0519182 , 0.0519757 , 0.110795
-0.855092,4.825,0.0503174 , 0.0503512 , 0.0672111
-0.855092,4.915,0.0485551 , 0.0485656 , 0.0215666
-0.855092,5.005,0.0466652 , 0.0466535 , -0.0251479
-0.855092,5.095,0.044663 , 0.0446308 , -0.0720669
-0.855092,5.185,0.0426028 , 0.0425524 , -0.118407
-0.855092,5.275,0.0405184 , 0.0404521 , -0.163467
-0.855092,5.365,0.038438 , 0.0383586 , -0.206624
-0.855092,5.455,0.0363866 , 0.0362966 , -0.247318
-0.855092,5.545,0.0343846 , 0.0342866 , -0.285048
-0.855092,5.635,0.0324488 , 0.0323452 , -0.319325
-0.855092,5.725,0.030593 , 0.0304861 , -0.349476
-0.855092,5.815,0.0288271 , 0.0287189 , -0.375439
-0.855092,5.905,0.0271573 , 0.0270495 , -0.396949
-0.855092,5.995,0.0255871 , 0.0254813 , -0.413801
-0.855092,6.085,0.0241179 , 0.0240151 , -0.42586
-0.855092,6.175,0.0227488 , 0.0226503 , -0.433061
-0.855092,6.265,0.021478 , 0.0213845 , -0.435411
-0.855092,6.355,0.0202956 , 0.0202076 , -0.433267
-0.855092,6.445,0.0191979 , 0.019116 , -0.426773
-0.855092,6.535,0.018187 , 0.0181114 , -0.415879
-0.855092,6.625,0.0172578 , 0.0171886 , -0.400865
-0.855092,6.715,0.0164049 , 0.0163422 , -0.382072
-0.855092,6.805,0.0156231 , 0.0155668 , -0.359889
-0.855092,6.895,0.0149069 , 0.014857 , -0.334747
-0.855092,6.985,0.0142511 , 0.0142074 , -0.307103
-0.855092,7.075,0.0136507 , 0.0136129 , -0.277429
-0.855092,7.165,0.0130856 , 0.0130533 , -0.24658
-0.855092,7.255,0.0125667 , 0.0125397 , -0.214556
-0.855092,7.345,0.0120905 , 0.0120685 , -0.181778
-0.855092,7.435,0.011653 , 0.0116356 , -0.148661
-0.855092,7.525,0.0112504 , 0.0112374 , -0.115591
-0.855092,7.615,0.0108794 , 0.0108703 , -0.0829129
-0.855092,7.705,0.0105367 , 0.0105313 , -0.0509334
-0.855092,7.795,0.0102194 , 0.0102174 , -0.0199146
-0.855092,7.885,0.00992506 , 0.00992605 , 0.00992457
-0.855092,7.975,0.00965064 , 0.00965434 , 0.0384079
-0.855092,8.065,0.00939365 , 0.00939979 , 0.0653988
-0.855092,8.155,0.00915316 , 0.00916147 , 0.0907947
-0.855092,8.245,0.00892742 , 0.00893764 , 0.114528
-0.855092,8.335,0.00871486 , 0.00872676 , 0.136562
-0.855092,8.425,0.00851409 , 0.00852745 , 0.156883
-0.855092,8.515,0.00832388 , 0.00833849 , 0.175502
-0.855092,8.605,0.00814311 , 0.00815878 , 0.192447
-0.855092,8.695,0.00797081 , 0.00798737 , 0.207762
-0.855092,8.785,0.00780611 , 0.0078234 , 0.2215
-0.855092,8.875,0.00764824 , 0.00766612 , 0.233727
-0.855092,8.965,0.00749639 , 0.00751472 , 0.244596
-0.855092,9.055,0.00735003 , 0.00736872 , 0.254164
-0.855092,9.145,0.00720878 , 0.0072277 , 0.262446
-0.855092,9.235,0.00707216 , 0.00709122 , 0.26952
-0.855092,9.325,0.00693976 , 0.00695888 , 0.27546
-0.855092,9.415,0.00681124 , 0.00683034 , 0.280343
-0.855092,9.505,0.00668628 , 0.00670529 , 0.284242
-0.855092,9.595,0.00656461 , 0.00658347 , 0.287229
-0.855092,9.685,0.00644599 , 0.00646464 , 0.289373
-0.855092,9.775,0.00633022 , 0.00634862 , 0.290741
-0.855092,9.865,0.00621711 , 0.00623522 , 0.291395
-0.855092,9.955,0.0061065 , 0.00612429 , 0.291396
-0.851448,1.045,0.5549 , 0.555028 , 0.022981
-0.851448,1.135,0.511828 , 0.51158 , -0.0484347
-0.851448,1.225,0.429716 , 0.430167 , 0.105151
-0.851448,1.315,0.383251 , 0.383614 , 0.0947275
-0.851448,1.405,0.358106 , 0.358179 , 0.020389
-0.851448,1.495,0.315097 , 0.315123 , 0.0083296
-0.851448,1.585,0.294192 , 0.294133 , -0.0201393
-0.851448,1.675,0.277766 , 0.277636 , -0.0468059
-0.851448,1.765,0.237948 , 0.238024 , 0.0323208
-0.851448,1.855,0.217733 , 0.217908 , 0.0803628
-0.851448,1.945,0.206103 , 0.206292 , 0.0916567
-0.851448,2.035,0.188216 , 0.188371 , 0.0826698
-0.851448,2.125,0.172417 , 0.172463 , 0.0266662
-0.851448,2.215,0.164724 , 0.164649 , -0.0453566
-0.851448,2.305,0.160367 , 0.160242 , -0.0774561
-0.851448,2.395,0.153931 , 0.153834 , -0.0629958
-0.851448,2.485,0.144063 , 0.144024 , -0.02718
-0.851448,2.575,0.132167 , 0.132177 , 0.00783848
-0.851448,2.665,0.120503 , 0.120544 , 0.0339475
-0.851448,2.755,0.110351 , 0.11041 , 0.0534629
-0.851448,2.845,0.101858 , 0.10193 , 0.070855
-0.851448,2.935,0.094642 , 0.0947245 , 0.0872123
-0.851448,3.025,0.0884264 , 0.0885148 , 0.100032
-0.851448,3.115,0.0828878 , 0.082976 , 0.106369
-0.851448,3.205,0.0778083 , 0.0778905 , 0.105635
-0.851448,3.295,0.0731614 , 0.0732348 , 0.100397
-0.851448,3.385,0.0690484 , 0.0691143 , 0.0955085
-0.851448,3.475,0.065521 , 0.0655841 , 0.0963393
-0.851448,3.565,0.0625935 , 0.0626604 , 0.106871
-0.851448,3.655,0.0602063 , 0.0602837 , 0.128516
-0.851448,3.745,0.0584077 , 0.0585009 , 0.159563
-0.851448,3.835,0.0571216 , 0.0572336 , 0.196016
-0.851448,3.925,0.0562485 , 0.0563794 , 0.232791
-0.851448,4.015,0.0556501 , 0.0557977 , 0.265228
-0.851448,4.105,0.0552039 , 0.0553639 , 0.289747
-0.851448,4.195,0.0548525 , 0.0550191 , 0.303696
-0.851448,4.285,0.0545046 , 0.0546715 , 0.306173
-0.851448,4.375,0.0540866 , 0.0542475 , 0.297415
-0.851448,4.465,0.053544 , 0.0536931 , 0.278424
-0.851448,4.555,0.0527927 , 0.0529251 , 0.250758
-0.851448,4.645,0.0518651 , 0.0519771 , 0.215817
-0.851448,4.735,0.050758 , 0.0508469 , 0.175173
-0.851448,4.825,0.0494784 , 0.0495429 , 0.130304
-0.851448,4.915,0.0480423 , 0.048082 , 0.0825388
-0.851448,5.005,0.0464714 , 0.0464868 , 0.033046
-0.851448,5.095,0.0447706 , 0.0447629 , -0.0171669
-0.851448,5.185,0.0429873 , 0.0429584 , -0.0672362
-0.851448,5.275,0.0411502 , 0.0411023 , -0.116414
-0.851448,5.365,0.0392844 , 0.03922 , -0.164056
-0.851448,5.455,0.0374134 , 0.037335 , -0.20961
-0.851448,5.545,0.0355578 , 0.0354679 , -0.252595
-0.851448,5.635,0.0337351 , 0.0336364 , -0.292558
-0.851448,5.725,0.0319605 , 0.0318554 , -0.328869
-0.851448,5.815,0.0302471 , 0.0301377 , -0.361471
-0.851448,5.905,0.0286039 , 0.0284923 , -0.390114
-0.851448,5.995,0.0270375 , 0.0269254 , -0.414599
-0.851448,6.085,0.0255524 , 0.0254413 , -0.434773
-0.851448,6.175,0.0241509 , 0.0240421 , -0.450534
-0.851448,6.265,0.0228338 , 0.0227283 , -0.46183
-0.851448,6.355,0.0215942 , 0.0214929 , -0.468958
-0.851448,6.445,0.020431 , 0.0203345 , -0.471976
-0.851448,6.535,0.0193479 , 0.0192568 , -0.470692
-0.851448,6.625,0.0183419 , 0.0182566 , -0.465251
-0.851448,6.715,0.0174094 , 0.01733 , -0.455847
-0.851448,6.805,0.0165465 , 0.0164732 , -0.442723
-0.851448,6.895,0.0157491 , 0.015682 , -0.426161
-0.851448,6.985,0.015013 , 0.014952 , -0.40648
-0.851448,7.075,0.014334 , 0.014279 , -0.384028
-0.851448,7.165,0.0136924 , 0.0136431 , -0.359726
-0.851448,7.255,0.0130998 , 0.0130562 , -0.333347
-0.851448,7.345,0.0125534 , 0.012515 , -0.305239
-0.851448,7.435,0.0120492 , 0.012016 , -0.275777
-0.851448,7.525,0.0115839 , 0.0115555 , -0.245328
-0.851448,7.615,0.0111541 , 0.0111302 , -0.214248
-0.851448,7.705,0.0107566 , 0.010737 , -0.182868
-0.851448,7.795,0.0103886 , 0.0103729 , -0.151497
-0.851448,7.885,0.0100474 , 0.0100353 , -0.120416
-0.851448,7.975,0.00973015 , 0.0097214 , -0.0898718
-0.851448,8.065,0.00943418 , 0.00942852 , -0.0600826
-0.851448,8.155,0.00915829 , 0.00915543 , -0.0312399
-0.851448,8.245,0.00890056 , 0.00890025 , -0.00349815
-0.851448,8.335,0.00865925 , 0.00866124 , 0.0230185
-0.851448,8.425,0.00843278 , 0.00843685 , 0.0482142
-0.851448,8.515,0.00821973 , 0.00822565 , 0.0720194
-0.851448,8.605,0.0080188 , 0.00802637 , 0.0943883
-0.851448,8.695,0.00782884 , 0.00783786 , 0.115296
-0.851448,8.785,0.00764879 , 0.00765909 , 0.134735
-0.851448,8.875,0.00747771 , 0.00748913 , 0.152716
-0.851448,8.965,0.00731448 , 0.00732687 , 0.169329
-0.851448,9.055,0.00715848 , 0.00717169 , 0.184603
-0.851448,9.145,0.00700922 , 0.00702314 , 0.198532
-0.851448,9.235,0.00686612 , 0.00688062 , 0.21116
-0.851448,9.325,0.00672862 , 0.0067436 , 0.222539
-0.851448,9.415,0.00659625 , 0.0066116 , 0.232723
-0.851448,9.505,0.00646857 , 0.00648421 , 0.241772
-0.851448,9.595,0.0063452 , 0.00636105 , 0.249743
-0.851448,9.685,0.0062258 , 0.00624178 , 0.256698
-0.851448,9.775,0.00611006 , 0.00612611 , 0.262695
-0.851448,9.865,0.00599772 , 0.00601378 , 0.267794
-0.851448,9.955,0.00588853 , 0.00590455 , 0.272053
-0.847804,1.045,0.542528 , 0.542625 , 0.0179866
-0.847804,1.135,0.503591 , 0.503407 , -0.0366418
-0.847804,1.225,0.433234 , 0.43363 , 0.0916172
-0.847804,1.315,0.374953 , 0.37524 , 0.0767345
-0.847804,1.405,0.355443 , 0.355621 , 0.049927
-0.847804,1.495,0.312075 , 0.31202 , -0.0174493
-0.847804,1.585,0.295713 , 0.295615 , -0.0330987
-0.847804,1.675,0.274776 , 0.274616 , -0.058076
-0.847804,1.765,0.234354 , 0.234393 , 0.0167972
-0.847804,1.855,0.217221 , 0.217434 , 0.0979668
-0.847804,1.945,0.205877 , 0.206112 , 0.114182
-0.847804,2.035,0.187469 , 0.187626 , 0.0834727
-0.847804,2.125,0.172057 , 0.17209 , 0.0195794
-0.847804,2.215,0.164345 , 0.164277 , -0.0415995
-0.847804,2.305,0.158836 , 0.158729 , -0.0673403
-0.847804,2.395,0.151002 , 0.150913 , -0.0588868
-0.847804,2.485,0.140541 , 0.140494 , -0.0332518
-0.847804,2.575,0.129079 , 0.129074 , -0.00386548
-0.847804,2.665,0.118418 , 0.118447 , 0.024295
-0.847804,2.755,0.109269 , 0.109325 , 0.0513956
-0.847804,2.845,0.101459 , 0.101538 , 0.0773435
-0.847804,2.935,0.0945716 , 0.0946656 , 0.0994289
-0.847804,3.025,0.0884467 , 0.0885471 , 0.113503
-0.847804,3.115,0.0828987 , 0.0829955 , 0.116819
-0.847804,3.205,0.0777922 , 0.0778778 , 0.110013
-0.847804,3.295,0.0731187 , 0.0731897 , 0.0972213
-0.847804,3.385,0.0689557 , 0.0690142 , 0.0848304
-0.847804,3.475,0.0653199 , 0.0653718 , 0.0795131
-0.847804,3.565,0.0622024 , 0.062256 , 0.0862774
-0.847804,3.655,0.0595416 , 0.0596054 , 0.107263
-0.847804,3.745,0.0574036 , 0.0574847 , 0.141312
-0.847804,3.835,0.0557447 , 0.0558476 , 0.184465
-0.847804,3.925,0.0545035 , 0.0546295 , 0.231122
-0.847804,4.015,0.053577 , 0.0537246 , 0.275618
-0.847804,4.105,0.0528714 , 0.0530369 , 0.313166
-0.847804,4.195,0.0523502 , 0.0525281 , 0.339883
-0.847804,4.285,0.0519318 , 0.0521156 , 0.353869
-0.847804,4.375,0.0515429 , 0.0517257 , 0.354729
-0.847804,4.465,0.0511216 , 0.0512971 , 0.343189
-0.847804,4.555,0.0505719 , 0.0507341 , 0.320872
-0.847804,4.645,0.0499099 , 0.0500543 , 0.289293
-0.847804,4.735,0.0491153 , 0.0492382 , 0.250295
-0.847804,4.825,0.0481782 , 0.0482772 , 0.20565
-0.847804,4.915,0.0470986 , 0.0471726 , 0.156963
-0.847804,5.005,0.0458847 , 0.0459332 , 0.105634
-0.847804,5.095,0.0445294 , 0.044553 , 0.0528588
-0.847804,5.185,0.0430714 , 0.0430712 , -0.00037668
-0.847804,5.275,0.0415322 , 0.0415101 , -0.05324
-0.847804,5.365,0.039933 , 0.039891 , -0.105041
-0.847804,5.455,0.0382941 , 0.0382347 , -0.155208
-0.847804,5.545,0.0366354 , 0.0365609 , -0.203266
-0.847804,5.635,0.0349744 , 0.0348873 , -0.248786
-0.847804,5.725,0.033326 , 0.033229 , -0.291199
-0.847804,5.815,0.0317069 , 0.0316021 , -0.330425
-0.847804,5.905,0.0301287 , 0.0300183 , -0.366238
-0.847804,5.995,0.0286007 , 0.0284868 , -0.398449
-0.847804,6.085,0.0271305 , 0.0270147 , -0.426907
-0.847804,6.175,0.0257234 , 0.0256072 , -0.451496
-0.847804,6.265,0.0243831 , 0.024268 , -0.472132
-0.847804,6.355,0.0231062 , 0.0229932 , -0.489056
-0.847804,6.445,0.0218939 , 0.0217839 , -0.502273
-0.847804,6.535,0.0207519 , 0.0206458 , -0.511514
-0.847804,6.625,0.0196794 , 0.0195777 , -0.516825
-0.847804,6.715,0.0186748 , 0.018578 , -0.518283
-0.847804,6.805,0.0177358 , 0.0176443 , -0.516004
-0.847804,6.895,0.0168598 , 0.0167738 , -0.510135
-0.847804,6.985,0.0160441 , 0.0159637 , -0.50086
-0.847804,7.075,0.0152853 , 0.0152107 , -0.488388
-0.847804,7.165,0.014565 , 0.014496 , -0.473648
-0.847804,7.255,0.0138953 , 0.0138319 , -0.456198
-0.847804,7.345,0.0132739 , 0.0132159 , -0.436267
-0.847804,7.435,0.0126973 , 0.0126447 , -0.414137
-0.847804,7.525,0.0121626 , 0.0121151 , -0.390102
-0.847804,7.615,0.0116665 , 0.011624 , -0.364457
-0.847804,7.705,0.0112063 , 0.0111685 , -0.337501
-0.847804,7.795,0.0107791 , 0.0107458 , -0.309526
-0.847804,7.885,0.0103824 , 0.0103532 , -0.280815
-0.847804,7.975,0.0100131 , 0.00998786 , -0.251634
-0.847804,8.065,0.00966864 , 0.00964715 , -0.222232
-0.847804,8.155,0.00934783 , 0.0093298 , -0.192857
-0.847804,8.245,0.00904861 , 0.00903379 , -0.163723
-0.847804,8.335,0.00876913 , 0.00875729 , -0.135024
-0.847804,8.425,0.00850769 , 0.00849859 , -0.106927
-0.847804,8.515,0.00826271 , 0.00825613 , -0.0795817
-0.847804,8.605,0.00803274 , 0.00802848 , -0.0531104
-0.847804,8.695,0.00781647 , 0.00781432 , -0.0276163
-0.847804,8.785,0.0076127 , 0.00761245 , -0.00318126
-0.847804,8.875,0.00742031 , 0.00742181 , 0.0201317
-0.847804,8.965,0.00723796 , 0.00724102 , 0.0422962
-0.847804,9.055,0.00706486 , 0.00706933 , 0.0633003
-0.847804,9.145,0.00690047 , 0.0069062 , 0.0831179
-0.847804,9.235,0.00674404 , 0.0067509 , 0.101742
-0.847804,9.325,0.0065949 , 0.00660275 , 0.119177
-0.847804,9.415,0.00645243 , 0.00646117 , 0.135436
-0.847804,9.505,0.00631608 , 0.00632559 , 0.15054
-0.847804,9.595,0.00618536 , 0.00619553 , 0.164516
-0.847804,9.685,0.00605981 , 0.00607056 , 0.177398
-0.847804,9.775,0.00593902 , 0.00595026 , 0.189221
-0.847804,9.865,0.00582263 , 0.00583428 , 0.200026
-0.847804,9.955,0.00571031 , 0.00572229 , 0.209855
-0.84416,1.045,0.529043 , 0.528973 , -0.0132505
-0.84416,1.135,0.496083 , 0.495938 , -0.0293242
-0.84416,1.225,0.437578 , 0.437933 , 0.0811313
-0.84416,1.315,0.367877 , 0.36802 , 0.0386487
-0.84416,1.405,0.353616 , 0.353871 , 0.0721632
-0.84416,1.495,0.310612 , 0.310464 , -0.0476873
-0.84416,1.585,0.295715 , 0.295615 , -0.0339126
-0.84416,1.675,0.270775 , 0.270579 , -0.0721752
-0.84416,1.765,0.232102 , 0.232089 , -0.00571792
-0.84416,1.855,0.217611 , 0.217853 , 0.111016
-0.84416,1.945,0.205835 , 0.206098 , 0.128018
-0.84416,2.035,0.186831 , 0.186974 , 0.0766139
-0.84416,2.125,0.171459 , 0.171482 , 0.0130749
-0.84416,2.215,0.163166 , 0.163111 , -0.033637
-0.84416,2.305,0.156337 , 0.156246 , -0.0578639
-0.84416,2.395,0.147467 , 0.147375 , -0.0629657
-0.84416,2.485,0.136974 , 0.136902 , -0.0522328
-0.84416,2.575,0.126355 , 0.126319 , -0.0283547
-0.84416,2.665,0.11683 , 0.116836 , 0.0050935
-0.84416,2.755,0.108604 , 0.108651 , 0.0429984
-0.84416,2.845,0.101317 , 0.101397 , 0.0789456
-0.84416,2.935,0.094615 , 0.0947158 , 0.106522
-0.84416,3.025,0.0885026 , 0.0886095 , 0.120799
-0.84416,3.115,0.0829334 , 0.0830329 , 0.119951
-0.84416,3.205,0.0778336 , 0.0779162 , 0.10608
-0.84416,3.295,0.0731863 , 0.0732482 , 0.0846628
-0.84416,3.385,0.0690232 , 0.0690667 , 0.0630911
-0.84416,3.475,0.0653111 , 0.065343 , 0.0487841
-0.84416,3.565,0.0620103 , 0.0620398 , 0.0474652
-0.84416,3.655,0.0590558 , 0.0590925 , 0.0621155
-0.84416,3.745,0.0565327 , 0.0565851 , 0.0927726
-0.84416,3.835,0.0544339 , 0.0545082 , 0.136506
-0.84416,3.925,0.0527418 , 0.0528411 , 0.188263
-0.84416,4.015,0.0513955 , 0.05152 , 0.242151
-0.84416,4.105,0.0503361 , 0.0504833 , 0.29252
-0.84416,4.195,0.0495529 , 0.0497185 , 0.334231
-0.84416,4.285,0.0489788 , 0.049157 , 0.363946
-0.84416,4.375,0.0485445 , 0.048729 , 0.380034
-0.84416,4.465,0.0481841 , 0.0483683 , 0.382356
-0.84416,4.555,0.0477915 , 0.0479693 , 0.372127
-0.84416,4.645,0.0473672 , 0.0475332 , 0.350631
-0.84416,4.735,0.0468734 , 0.0470233 , 0.31976
-0.84416,4.825,0.0462825 , 0.0464128 , 0.281459
-0.84416,4.915,0.0455776 , 0.0456859 , 0.23755
-0.84416,5.005,0.0447511 , 0.044836 , 0.189652
-0.84416,5.095,0.0437825 , 0.0438435 , 0.139162
-0.84416,5.185,0.0426991 , 0.0427363 , 0.087206
-0.84416,5.275,0.0415137 , 0.0415281 , 0.0347279
-0.84416,5.365,0.0402408 , 0.0402338 , -0.017507
-0.84416,5.455,0.0388966 , 0.0388698 , -0.0688818
-0.84416,5.545,0.0374979 , 0.0374534 , -0.1189
-0.84416,5.635,0.0360612 , 0.0360009 , -0.167139
-0.84416,5.725,0.0345998 , 0.034526 , -0.213107
-0.84416,5.815,0.0331329 , 0.0330478 , -0.256657
-0.84416,5.905,0.031674 , 0.0315798 , -0.297576
-0.84416,5.995,0.030235 , 0.0301336 , -0.335689
-0.84416,6.085,0.0288259 , 0.028719 , -0.370851
-0.84416,6.175,0.0274549 , 0.0273442 , -0.402943
-0.84416,6.265,0.0261286 , 0.0260158 , -0.431868
-0.84416,6.355,0.0248469 , 0.0247332 , -0.457798
-0.84416,6.445,0.0236138 , 0.0235002 , -0.480705
-0.84416,6.535,0.0224369 , 0.0223246 , -0.500318
-0.84416,6.625,0.0213178 , 0.0212077 , -0.516615
-0.84416,6.715,0.0202571 , 0.0201498 , -0.529594
-0.84416,6.805,0.0192545 , 0.0191507 , -0.539275
-0.84416,6.895,0.0183092 , 0.0182093 , -0.545701
-0.84416,6.985,0.01742 , 0.0173243 , -0.548936
-0.84416,7.075,0.0165849 , 0.0164939 , -0.549065
-0.84416,7.165,0.0157876 , 0.0157012 , -0.546924
-0.84416,7.255,0.0150402 , 0.0149587 , -0.541944
-0.84416,7.345,0.0143411 , 0.0142645 , -0.534223
-0.84416,7.435,0.013688 , 0.0136162 , -0.523917
-0.84416,7.525,0.0130781 , 0.0130112 , -0.5112
-0.84416,7.615,0.0125089 , 0.0124468 , -0.496257
-0.84416,7.705,0.0119779 , 0.0119205 , -0.479288
-0.84416,7.795,0.0114826 , 0.0114298 , -0.460501
-0.84416,7.885,0.0110207 , 0.0109722 , -0.440107
-0.84416,7.975,0.0105891 , 0.0105448 , -0.418322
-0.84416,8.065,0.0101854 , 0.0101452 , -0.395357
-0.84416,8.155,0.00980859 , 0.00977216 , -0.37143
-0.84416,8.245,0.00945658 , 0.00942379 , -0.346752
-0.84416,8.335,0.00912755 , 0.0090982 , -0.321522
-0.84416,8.425,0.00881971 , 0.00879361 , -0.295931
-0.84416,8.515,0.00853144 , 0.0085084 , -0.27016
-0.84416,8.605,0.0082612 , 0.00824101 , -0.244375
-0.84416,8.695,0.00800756 , 0.00799005 , -0.21873
-0.84416,8.785,0.00776921 , 0.00775418 , -0.193362
-0.84416,8.875,0.00754491 , 0.00753221 , -0.168394
-0.84416,8.965,0.00733318 , 0.00732262 , -0.143989
-0.84416,9.055,0.00713308 , 0.00712451 , -0.120198
-0.84416,9.145,0.00694395 , 0.00693721 , -0.0970609
-0.84416,9.235,0.00676492 , 0.00675987 , -0.0746458
-0.84416,9.325,0.00659519 , 0.00659169 , -0.0530092
-0.84416,9.415,0.00643402 , 0.00643195 , -0.0321959
-0.84416,9.505,0.00628074 , 0.00627997 , -0.0122398
-0.84416,9.595,0.00613475 , 0.00613517 , 0.00683454
-0.84416,9.685,0.00599547 , 0.00599697 , 0.0250118
-0.84416,9.775,0.0058624 , 0.00586488 , 0.0422844
-0.84416,9.865,0.00573507 , 0.00573844 , 0.0586515
-0.84416,9.955,0.00561305 , 0.00561721 , 0.0741185
-0.840516,1.045,0.518128 , 0.517744 , -0.074166
-0.840516,1.135,0.491303 , 0.491107 , -0.0399118
-0.840516,1.225,0.436945 , 0.43734 , 0.0903154
-0.840516,1.315,0.365487 , 0.365473 , -0.00389707
-0.840516,1.405,0.353212 , 0.35341 , 0.0562965
-0.840516,1.495,0.309244 , 0.30899 , -0.0821751
-0.840516,1.585,0.292313 , 0.292265 , -0.0163527
-0.840516,1.675,0.266553 , 0.266372 , -0.0677539
-0.840516,1.765,0.23223 , 0.232188 , -0.0178472
-0.840516,1.855,0.218869 , 0.219102 , 0.106178
-0.840516,1.945,0.205746 , 0.205971 , 0.109449
-0.840516,2.035,0.186239 , 0.186324 , 0.0456201
-0.840516,2.125,0.170569 , 0.170564 , -0.00301639
-0.840516,2.215,0.161117 , 0.161068 , -0.0305837
-0.840516,2.305,0.152894 , 0.152808 , -0.0565586
-0.840516,2.395,0.143457 , 0.143344 , -0.0785561
-0.840516,2.485,0.133499 , 0.133389 , -0.0822405
-0.840516,2.575,0.124043 , 0.123968 , -0.060802
-0.840516,2.665,0.115664 , 0.115641 , -0.0202069
-0.840516,2.755,0.108191 , 0.10822 , 0.0268907
-0.840516,2.845,0.101226 , 0.101295 , 0.06859
-0.840516,2.935,0.0945836 , 0.0946755 , 0.0971463
-0.840516,3.025,0.0884641 , 0.0885604 , 0.108917
-0.840516,3.115,0.0829473 , 0.0830335 , 0.10388
-0.840516,3.205,0.0779862 , 0.0780526 , 0.0851727
-0.840516,3.295,0.0735173 , 0.0735601 , 0.058173
-0.840516,3.385,0.0694942 , 0.0695146 , 0.029327
-0.840516,3.475,0.0658105 , 0.0658138 , 0.00493472
-0.840516,3.565,0.0623816 , 0.0623754 , -0.0098637
-0.840516,3.655,0.0591333 , 0.0591264 , -0.0116951
-0.840516,3.745,0.0561698 , 0.0561705 , 0.00118143
-0.840516,3.835,0.0535266 , 0.0535418 , 0.0283704
-0.840516,3.925,0.0512393 , 0.0512739 , 0.067567
-0.840516,4.015,0.0493013 , 0.0493579 , 0.114985
-0.840516,4.105,0.0477006 , 0.0477798 , 0.166065
-0.840516,4.195,0.0464644 , 0.0465646 , 0.215792
-0.840516,4.285,0.0455509 , 0.0456692 , 0.259726
-0.840516,4.375,0.0449043 , 0.0450366 , 0.294545
-0.840516,4.465,0.0444613 , 0.0446028 , 0.318302
-0.840516,4.555,0.0441105 , 0.0442564 , 0.330644
-0.840516,4.645,0.0438397 , 0.0439851 , 0.331665
-0.840516,4.735,0.0435943 , 0.0437349 , 0.322445
-0.840516,4.825,0.043328 , 0.0434599 , 0.304452
-0.840516,4.915,0.0430046 , 0.0431247 , 0.279278
-0.840516,5.005,0.042598 , 0.0427039 , 0.248466
-0.840516,5.095,0.0420711 , 0.0421609 , 0.213437
-0.840516,5.185,0.0414355 , 0.0415081 , 0.175366
-0.840516,5.275,0.0406912 , 0.0407463 , 0.135263
-0.840516,5.365,0.0398426 , 0.0398801 , 0.093962
-0.840516,5.455,0.0388979 , 0.0389182 , 0.0521373
-0.840516,5.545,0.0378681 , 0.037872 , 0.0103312
-0.840516,5.635,0.0367656 , 0.0367542 , -0.0310175
-0.840516,5.725,0.0355999 , 0.0355744 , -0.0714937
-0.840516,5.815,0.0343907 , 0.0343526 , -0.110832
-0.840516,5.905,0.0331518 , 0.0331025 , -0.148811
-0.840516,5.995,0.0318962 , 0.0318372 , -0.185254
-0.840516,6.085,0.0306358 , 0.0305684 , -0.220013
-0.840516,6.175,0.0293809 , 0.0293066 , -0.252965
-0.840516,6.265,0.0281409 , 0.028061 , -0.284009
-0.840516,6.355,0.0269188 , 0.0268345 , -0.31321
-0.840516,6.445,0.0257215 , 0.0256339 , -0.340527
-0.840516,6.535,0.0245588 , 0.024469 , -0.365757
-0.840516,6.625,0.0234349 , 0.0233438 , -0.388847
-0.840516,6.715,0.022353 , 0.0222614 , -0.409756
-0.840516,6.805,0.0213152 , 0.0212239 , -0.428451
-0.840516,6.895,0.0203229 , 0.0202325 , -0.444912
-0.840516,6.985,0.0193769 , 0.019288 , -0.459127
-0.840516,7.075,0.0184774 , 0.0183903 , -0.471098
-0.840516,7.165,0.0176103 , 0.0175255 , -0.481403
-0.840516,7.255,0.0167884 , 0.0167062 , -0.48955
-0.840516,7.345,0.0160114 , 0.015932 , -0.495535
-0.840516,7.435,0.0152778 , 0.0152015 , -0.499401
-0.840516,7.525,0.0145863 , 0.0145132 , -0.501196
-0.840516,7.615,0.013935 , 0.0138652 , -0.500983
-0.840516,7.705,0.0133221 , 0.0132557 , -0.498836
-0.840516,7.795,0.0127459 , 0.0126828 , -0.494837
-0.840516,7.885,0.0122044 , 0.0121447 , -0.489078
-0.840516,7.975,0.0116951 , 0.0116387 , -0.481663
-0.840516,8.065,0.0112155 , 0.0111625 , -0.472699
-0.840516,8.155,0.0107653 , 0.0107155 , -0.462292
-0.840516,8.245,0.0103426 , 0.010296 , -0.450561
-0.840516,8.335,0.00994576 , 0.00990223 , -0.43763
-0.840516,8.425,0.00957307 , 0.00953252 , -0.423621
-0.840516,8.515,0.00922296 , 0.00918527 , -0.40866
-0.840516,8.605,0.00889393 , 0.00885899 , -0.392871
-0.840516,8.695,0.00858455 , 0.00855224 , -0.376377
-0.840516,8.785,0.00829346 , 0.00826367 , -0.359297
-0.840516,8.875,0.00801941 , 0.007992 , -0.341747
-0.840516,8.965,0.00776089 , 0.00773575 , -0.323943
-0.840516,9.055,0.00751686 , 0.00749386 , -0.305943
-0.840516,9.145,0.00728649 , 0.00726552 , -0.287766
-0.840516,9.235,0.00706883 , 0.00704978 , -0.269506
-0.840516,9.325,0.00686297 , 0.00684573 , -0.251247
-0.840516,9.415,0.00666809 , 0.00665255 , -0.233068
-0.840516,9.505,0.0064834 , 0.00646946 , -0.215041
-0.840516,9.595,0.00630819 , 0.00629574 , -0.197232
-0.840516,9.685,0.00614178 , 0.00613074 , -0.179697
-0.840516,9.775,0.00598356 , 0.00597384 , -0.162489
-0.840516,9.865,0.00583296 , 0.00582447 , -0.145651
-0.840516,9.955,0.00568945 , 0.0056821 , -0.129222
-0.836872,1.045,0.529893 , 0.529273 , -0.116999
-0.836872,1.135,0.489417 , 0.489041 , -0.076791
-0.836872,1.225,0.426817 , 0.427299 , 0.112828
-0.836872,1.315,0.376112 , 0.37599 , -0.0323628
-0.836872,1.405,0.352946 , 0.352969 , 0.00643644
-0.836872,1.495,0.309977 , 0.30961 , -0.118298
-0.836872,1.585,0.286121 , 0.28622 , 0.0347538
-0.836872,1.675,0.264598 , 0.264543 , -0.0208524
-0.836872,1.765,0.236074 , 0.236041 , -0.0142164
-0.836872,1.855,0.219765 , 0.219927 , 0.0738093
-0.836872,1.945,0.205212 , 0.205314 , 0.0496636
-0.836872,2.035,0.187425 , 0.187409 , -0.00868089
-0.836872,2.125,0.171965 , 0.171939 , -0.0150994
-0.836872,2.215,0.160413 , 0.160404 , -0.0060501
-0.836872,2.305,0.149991 , 0.14995 , -0.0275595
-0.836872,2.395,0.139728 , 0.139634 , -0.0670558
-0.836872,2.485,0.130221 , 0.130105 , -0.0887754
-0.836872,2.575,0.121716 , 0.121623 , -0.0758284
-0.836872,2.665,0.114157 , 0.114115 , -0.0371496
-0.836872,2.755,0.107152 , 0.107161 , 0.00813184
-0.836872,2.845,0.100395 , 0.10044 , 0.0451943
-0.836872,2.935,0.0939129 , 0.0939763 , 0.0675096
-0.836872,3.025,0.0880917 , 0.0881572 , 0.0743269
-0.836872,3.115,0.0830933 , 0.0831495 , 0.067633
-0.836872,3.205,0.0788409 , 0.0788806 , 0.0503542
-0.836872,3.295,0.075162 , 0.0751812 , 0.0255307
-0.836872,3.385,0.0718684 , 0.0718657 , -0.00387653
-0.836872,3.475,0.0687189 , 0.068695 , -0.0348888
-0.836872,3.565,0.0655308 , 0.0654885 , -0.0645655
-0.836872,3.655,0.0621837 , 0.0621276 , -0.0901528
-0.836872,3.745,0.0587796 , 0.0587157 , -0.108727
-0.836872,3.835,0.0553967 , 0.0553315 , -0.117737
-0.836872,3.925,0.0521417 , 0.0520816 , -0.11518
-0.836872,4.015,0.0490949 , 0.0490458 , -0.100034
-0.836872,4.105,0.0463318 , 0.0462983 , -0.0723085
-0.836872,4.195,0.043959 , 0.0439445 , -0.033154
-0.836872,4.285,0.0420033 , 0.0420095 , 0.0146781
-0.836872,4.375,0.0404609 , 0.0404881 , 0.0673918
-0.836872,4.465,0.0393031 , 0.0393505 , 0.12074
-0.836872,4.555,0.0384378 , 0.0385035 , 0.170902
-0.836872,4.645,0.0378567 , 0.0379379 , 0.214518
-0.836872,4.735,0.0374981 , 0.0375916 , 0.249401
-0.836872,4.825,0.0372998 , 0.0374022 , 0.274495
-0.836872,4.915,0.0372041 , 0.0373118 , 0.2897
-0.836872,5.005,0.0371597 , 0.0372695 , 0.29561
-0.836872,5.095,0.037105 , 0.0372138 , 0.293276
-0.836872,5.185,0.0370234 , 0.0371285 , 0.283851
-0.836872,5.275,0.0368905 , 0.0369895 , 0.268559
-0.836872,5.365,0.0366877 , 0.0367789 , 0.248556
-0.836872,5.455,0.0364036 , 0.0364855 , 0.224879
-0.836872,5.545,0.0360324 , 0.0361039 , 0.198425
-0.836872,5.635,0.0355724 , 0.0356328 , 0.169931
-0.836872,5.725,0.0350216 , 0.0350706 , 0.139966
-0.836872,5.815,0.0343905 , 0.0344281 , 0.109175
-0.836872,5.905,0.033687 , 0.0337133 , 0.0779727
-0.836872,5.995,0.03292 , 0.0329354 , 0.046695
-0.836872,6.085,0.0320991 , 0.0321041 , 0.0156135
-0.836872,6.175,0.0312341 , 0.0312294 , -0.0150512
-0.836872,6.265,0.0303346 , 0.0303209 , -0.0451204
-0.836872,6.355,0.0294055 , 0.0293836 , -0.0744856
-0.836872,6.445,0.0284559 , 0.0284266 , -0.103058
-0.836872,6.535,0.0274977 , 0.0274617 , -0.130711
-0.836872,6.625,0.0265378 , 0.0264961 , -0.157361
-0.836872,6.715,0.0255826 , 0.0255357 , -0.182941
-0.836872,6.805,0.0246372 , 0.0245862 , -0.207392
-0.836872,6.895,0.0237066 , 0.0236519 , -0.23067
-0.836872,6.985,0.0227944 , 0.0227368 , -0.252734
-0.836872,7.075,0.0219039 , 0.021844 , -0.273555
-0.836872,7.165,0.0210259 , 0.0209642 , -0.293401
-0.836872,7.255,0.0201741 , 0.0201112 , -0.312009
-0.836872,7.345,0.0193507 , 0.019287 , -0.329348
-0.836872,7.435,0.0185567 , 0.0184926 , -0.345407
-0.836872,7.525,0.0177928 , 0.0177287 , -0.36018
-0.836872,7.615,0.0170593 , 0.0169956 , -0.373664
-0.836872,7.705,0.0163563 , 0.0162932 , -0.385864
-0.836872,7.795,0.0156836 , 0.0156214 , -0.396785
-0.836872,7.885,0.0150407 , 0.0149796 , -0.406441
-0.836872,7.975,0.0144262 , 0.0143663 , -0.414852
-0.836872,8.065,0.0138386 , 0.0137802 , -0.422042
-0.836872,8.155,0.013279 , 0.0132222 , -0.428021
-0.836872,8.245,0.0127465 , 0.0126913 , -0.432817
-0.836872,8.335,0.01224 , 0.0121866 , -0.436459
-0.836872,8.425,0.0117587 , 0.0117071 , -0.438983
-0.836872,8.515,0.0113014 , 0.0112516 , -0.440424
-0.836872,8.605,0.0108671 , 0.0108192 , -0.440823
-0.836872,8.695,0.0104548 , 0.0104088 , -0.440221
-0.836872,8.785,0.0100634 , 0.0100193 , -0.438662
-0.836872,8.875,0.00969195 , 0.00964968 , -0.436195
-0.836872,8.965,0.00933945 , 0.00929901 , -0.432975
-0.836872,9.055,0.00900484 , 0.0089662 , -0.429019
-0.836872,9.145,0.00868714 , 0.00865028 , -0.424299
-0.836872,9.235,0.00838548 , 0.00835035 , -0.418863
-0.836872,9.325,0.00809898 , 0.00806555 , -0.412762
-0.836872,9.415,0.00782683 , 0.00779504 , -0.406048
-0.836872,9.505,0.00756823 , 0.00753805 , -0.398769
-0.836872,9.595,0.00732243 , 0.00729381 , -0.390977
-0.836872,9.685,0.00708873 , 0.0070616 , -0.382719
-0.836872,9.775,0.00686643 , 0.00684074 , -0.374045
-0.836872,9.865,0.00665489 , 0.0066306 , -0.365002
-0.836872,9.955,0.0064535 , 0.00643055 , -0.355634
-0.833228,1.045,0.523426 , 0.522876 , -0.105111
-0.833228,1.135,0.486009 , 0.485565 , -0.0912447
-0.833228,1.225,0.428099 , 0.428538 , 0.102538
-0.833228,1.315,0.374072 , 0.374004 , -0.0183388
-0.833228,1.405,0.352997 , 0.352978 , -0.00543488
-0.833228,1.495,0.308763 , 0.30845 , -0.101181
-0.833228,1.585,0.286467 , 0.286546 , 0.0276052
-0.833228,1.675,0.263915 , 0.263846 , -0.0259249
-0.833228,1.765,0.235757 , 0.235744 , -0.00544977
-0.833228,1.855,0.21991 , 0.220058 , 0.0674383
-0.833228,1.945,0.205104 , 0.205184 , 0.0390138
-0.833228,2.035,0.187244 , 0.187226 , -0.00949838
-0.833228,2.125,0.171965 , 0.171944 , -0.0121564
-0.833228,2.215,0.160523 , 0.160513 , -0.00673399
-0.833228,2.305,0.150095 , 0.150052 , -0.0289555
-0.833228,2.395,0.139819 , 0.13973 , -0.0632677
-0.833228,2.485,0.130326 , 0.130224 , -0.0787182
-0.833228,2.575,0.121834 , 0.121756 , -0.063516
-0.833228,2.665,0.114269 , 0.114238 , -0.0278093
-0.833228,2.755,0.10725 , 0.107262 , 0.0112296
-0.833228,2.845,0.100488 , 0.100529 , 0.0414701
-0.833228,2.935,0.094018 , 0.0940728 , 0.0583359
-0.833228,3.025,0.0882199 , 0.0882747 , 0.0620753
-0.833228,3.115,0.0832438 , 0.0832896 , 0.0549362
-0.833228,3.205,0.0790022 , 0.0790335 , 0.0395865
-0.833228,3.295,0.0753188 , 0.0753327 , 0.0185005
-0.833228,3.385,0.0720086 , 0.0720042 , -0.00604502
-0.833228,3.475,0.0688361 , 0.0688142 , -0.031766
-0.833228,3.565,0.0656254 , 0.0655884 , -0.0563478
-0.833228,3.655,0.0622611 , 0.0622128 , -0.0775548
-0.833228,3.745,0.058848 , 0.0587933 , -0.0929504
-0.833228,3.835,0.0554647 , 0.055409 , -0.100383
-0.833228,3.925,0.0522164 , 0.0521651 , -0.0981473
-0.833228,4.015,0.0491809 , 0.0491389 , -0.0853651
-0.833228,4.105,0.0464309 , 0.0464021 , -0.0620275
-0.833228,4.195,0.0440707 , 0.0440578 , -0.0290928
-0.833228,4.285,0.042125 , 0.0421297 , 0.0111411
-0.833228,4.375,0.0405889 , 0.0406115 , 0.0555043
-0.833228,4.465,0.0394333 , 0.0394729 , 0.100451
-0.833228,4.555,0.0385654 , 0.0386205 , 0.142805
-0.833228,4.645,0.0379783 , 0.0380466 , 0.179743
-0.833228,4.735,0.0376112 , 0.0376899 , 0.209418
-0.833228,4.825,0.0374027 , 0.0374891 , 0.230923
-0.833228,4.915,0.037296 , 0.0373871 , 0.244149
-0.833228,5.005,0.0372408 , 0.0373338 , 0.249566
-0.833228,5.095,0.0371757 , 0.0372679 , 0.248039
-0.833228,5.185,0.037085 , 0.0371742 , 0.240516
-0.833228,5.275,0.0369445 , 0.0370288 , 0.228014
-0.833228,5.365,0.0367361 , 0.0368138 , 0.211502
-0.833228,5.455,0.0364482 , 0.0365181 , 0.191849
-0.833228,5.545,0.036075 , 0.0361363 , 0.16981
-0.833228,5.635,0.0356147 , 0.0356667 , 0.146011
-0.833228,5.725,0.0350646 , 0.035107 , 0.120935
-0.833228,5.815,0.0344356 , 0.0344683 , 0.0951267
-0.833228,5.905,0.0337354 , 0.0337586 , 0.0689392
-0.833228,5.995,0.0329726 , 0.0329867 , 0.0426599
-0.833228,6.085,0.0321567 , 0.032162 , 0.0165221
-0.833228,6.175,0.0312971 , 0.0312942 , -0.00928521
-0.833228,6.265,0.0304032 , 0.0303927 , -0.0346084
-0.833228,6.355,0.02948 , 0.0294625 , -0.059351
-0.833228,6.445,0.028536 , 0.0285122 , -0.0834353
-0.833228,6.535,0.0275833 , 0.0275538 , -0.106756
-0.833228,6.625,0.0266286 , 0.0265942 , -0.129242
-0.833228,6.715,0.0256782 , 0.0256395 , -0.150835
-0.833228,6.805,0.0247374 , 0.0246949 , -0.171487
-0.833228,6.895,0.0238106 , 0.0237651 , -0.191159
-0.833228,6.985,0.0229019 , 0.0228539 , -0.209818
-0.833228,7.075,0.0220145 , 0.0219644 , -0.227439
-0.833228,7.165,0.0211393 , 0.0210877 , -0.24424
-0.833228,7.255,0.0202899 , 0.0202371 , -0.260007
-0.833228,7.345,0.0194683 , 0.0194148 , -0.274715
-0.833228,7.435,0.0186756 , 0.0186217 , -0.288356
-0.833228,7.525,0.0179125 , 0.0178586 , -0.300923
-0.833228,7.615,0.0171794 , 0.0171258 , -0.312417
-0.833228,7.705,0.0164764 , 0.0164232 , -0.32284
-0.833228,7.795,0.0158033 , 0.0157508 , -0.332199
-0.833228,7.885,0.0151596 , 0.015108 , -0.340503
-0.833228,7.975,0.014544 , 0.0144934 , -0.347774
-0.833228,8.065,0.0139548 , 0.0139054 , -0.354036
-0.833228,8.155,0.0133934 , 0.0133453 , -0.359289
-0.833228,8.245,0.0128589 , 0.0128121 , -0.363558
-0.833228,8.335,0.0123502 , 0.0123049 , -0.366866
-0.833228,8.425,0.0118665 , 0.0118227 , -0.369242
-0.833228,8.515,0.0114067 , 0.0113644 , -0.370715
-0.833228,8.605,0.0109698 , 0.0109291 , -0.371319
-0.833228,8.695,0.0105548 , 0.0105157 , -0.371088
-0.833228,8.785,0.0101607 , 0.0101231 , -0.370058
-0.833228,8.875,0.00978646 , 0.00975042 , -0.368267
-0.833228,8.965,0.00943106 , 0.00939655 , -0.365837
-0.833228,9.055,0.00909348 , 0.00906049 , -0.362784
-0.833228,9.145,0.00877284 , 0.00874134 , -0.359089
-0.833228,9.235,0.00846826 , 0.00843822 , -0.354792
-0.833228,9.325,0.00817889 , 0.00815027 , -0.349934
-0.833228,9.415,0.00790391 , 0.00787667 , -0.344558
-0.833228,9.505,0.00764253 , 0.00761665 , -0.338704
-0.833228,9.595,0.00739402 , 0.00736944 , -0.332413
-0.833228,9.685,0.00715765 , 0.00713434 , -0.325725
-0.833228,9.775,0.00693276 , 0.00691067 , -0.31868
-0.833228,9.865,0.0067187 , 0.00669778 , -0.311317
-0.833228,9.955,0.00651485 , 0.00649507 , -0.303673
-0.829583,1.045,0.517456 , 0.517014 , -0.0852557
-0.829583,1.135,0.482195 , 0.481741 , -0.094149
-0.829583,1.225,0.429249 , 0.429616 , 0.0856562
-0.829583,1.315,0.372285 , 0.372262 , -0.00600076
-0.829583,1.405,0.352906 , 0.352857 , -0.0137851
-0.829583,1.495,0.307681 , 0.307432 , -0.0809882
-0.829583,1.585,0.286799 , 0.286854 , 0.0193192
-0.829583,1.675,0.263228 , 0.263155 , -0.02762
-0.829583,1.765,0.235485 , 0.235487 , 0.00117591
-0.829583,1.855,0.220059 , 0.220186 , 0.0578138
-0.829583,1.945,0.205005 , 0.205065 , 0.0290548
-0.829583,2.035,0.187081 , 0.187065 , -0.00877139
-0.829583,2.125,0.171971 , 0.171955 , -0.00906345
-0.829583,2.215,0.160633 , 0.160621 , -0.00709736
-0.829583,2.305,0.150206 , 0.150163 , -0.0283442
-0.829583,2.395,0.139923 , 0.139844 , -0.0564038
-0.829583,2.485,0.130443 , 0.130357 , -0.0661817
-0.829583,2.575,0.121956 , 0.121894 , -0.0504254
-0.829583,2.665,0.114381 , 0.114359 , -0.0193621
-0.829583,2.755,0.107348 , 0.107361 , 0.0125217
-0.829583,2.845,0.100584 , 0.10062 , 0.0358933
-0.829583,2.935,0.0941305 , 0.0941756 , 0.0478642
-0.829583,3.025,0.0883579 , 0.0884014 , 0.0493189
-0.829583,3.115,0.0834041 , 0.0834396 , 0.0424651
-0.829583,3.205,0.0791716 , 0.079195 , 0.0295476
-0.829583,3.295,0.0754815 , 0.0754909 , 0.0124502
-0.829583,3.385,0.0721527 , 0.0721475 , -0.00717555
-0.829583,3.475,0.0689563 , 0.0689373 , -0.0276547
-0.829583,3.565,0.0657229 , 0.0656919 , -0.0472282
-0.829583,3.655,0.062342 , 0.062302 , -0.0641383
-0.829583,3.745,0.0589208 , 0.0588758 , -0.0764243
-0.829583,3.835,0.0555378 , 0.055492 , -0.0823365
-0.829583,3.925,0.0522966 , 0.0522545 , -0.0804819
-0.829583,4.015,0.0492723 , 0.0492377 , -0.0701361
-0.829583,4.105,0.0465349 , 0.046511 , -0.0512821
-0.829583,4.195,0.0441863 , 0.0441753 , -0.0246884
-0.829583,4.285,0.0422494 , 0.0422527 , 0.00780056
-0.829583,4.375,0.0407183 , 0.0407361 , 0.0436425
-0.829583,4.465,0.0395635 , 0.0395952 , 0.0799954
-0.829583,4.555,0.0386916 , 0.0387358 , 0.114325
-0.829583,4.645,0.0380974 , 0.0381524 , 0.144352
-0.829583,4.735,0.0377207 , 0.0377843 , 0.168584
-0.829583,4.825,0.0375014 , 0.0375713 , 0.186271
-0.829583,4.915,0.0373834 , 0.0374571 , 0.197304
-0.829583,5.005,0.037317 , 0.0373924 , 0.202044
-0.829583,5.095,0.0372414 , 0.0373164 , 0.201171
-0.829583,5.185,0.0371417 , 0.0372143 , 0.195435
-0.829583,5.275,0.0369939 , 0.0370626 , 0.185648
-0.829583,5.365,0.0367801 , 0.0368436 , 0.172586
-0.829583,5.455,0.0364889 , 0.0365461 , 0.156952
-0.829583,5.545,0.0361143 , 0.0361646 , 0.139355
-0.829583,5.635,0.0356543 , 0.0356971 , 0.120303
-0.829583,5.725,0.0351052 , 0.0351404 , 0.100192
-0.829583,5.815,0.0344789 , 0.0345063 , 0.0794602
-0.829583,5.905,0.0337825 , 0.0338022 , 0.0583978
-0.829583,5.995,0.0330245 , 0.0330368 , 0.0372402
-0.829583,6.085,0.0322139 , 0.0322191 , 0.0161788
-0.829583,6.175,0.0313602 , 0.0313587 , -0.00463107
-0.829583,6.265,0.0304725 , 0.0304648 , -0.0250632
-0.829583,6.355,0.0295553 , 0.029542 , -0.0450356
-0.829583,6.445,0.0286173 , 0.0285988 , -0.0644837
-0.829583,6.535,0.0276703 , 0.0276473 , -0.0833234
-0.829583,6.625,0.0267211 , 0.026694 , -0.101497
-0.829583,6.715,0.0257758 , 0.0257451 , -0.118956
-0.829583,6.805,0.0248395 , 0.0248058 , -0.135663
-0.829583,6.895,0.0239169 , 0.0238807 , -0.151586
-0.829583,6.985,0.0230118 , 0.0229735 , -0.166698
-0.829583,7.075,0.0221274 , 0.0220874 , -0.18098
-0.829583,7.165,0.0212552 , 0.0212138 , -0.194601
-0.829583,7.255,0.0204081 , 0.0203658 , -0.207395
-0.829583,7.345,0.0195883 , 0.0195454 , -0.219343
-0.829583,7.435,0.018797 , 0.0187537 , -0.230438
-0.829583,7.525,0.0180348 , 0.0179914 , -0.240676
-0.829583,7.615,0.0173021 , 0.0172588 , -0.250057
-0.829583,7.705,0.016599 , 0.0165561 , -0.258583
-0.829583,7.795,0.0159255 , 0.0158831 , -0.266261
-0.829583,7.885,0.0152811 , 0.0152393 , -0.273097
-0.829583,7.975,0.0146642 , 0.0146233 , -0.279113
-0.829583,8.065,0.0140735 , 0.0140335 , -0.284329
-0.829583,8.155,0.0135102 , 0.0134712 , -0.288743
-0.829583,8.245,0.0129736 , 0.0129357 , -0.292371
-0.829583,8.335,0.0124627 , 0.0124259 , -0.295233
-0.829583,8.425,0.0119766 , 0.0119409 , -0.297353
-0.829583,8.515,0.0115142 , 0.0114798 , -0.298752
-0.829583,8.605,0.0110747 , 0.0110415 , -0.299457
-0.829583,8.695,0.010657 , 0.010625 , -0.299494
-0.829583,8.785,0.01026 , 0.0102294 , -0.298893
-0.829583,8.875,0.00988296 , 0.00985354 , -0.297682
-0.829583,8.965,0.00952459 , 0.0094964 , -0.295952
-0.829583,9.055,0.00918399 , 0.00915702 , -0.293717
-0.829583,9.145,0.00886035 , 0.00883457 , -0.290966
-0.829583,9.235,0.0085528 , 0.00852819 , -0.287731
-0.829583,9.325,0.0082605 , 0.00823704 , -0.284043
-0.829583,9.415,0.00798263 , 0.00796029 , -0.279936
-0.829583,9.505,0.00771843 , 0.00769717 , -0.275441
-0.829583,9.595,0.00746714 , 0.00744694 , -0.27059
-0.829583,9.685,0.00722807 , 0.00720888 , -0.265416
-0.829583,9.775,0.00700053 , 0.00698233 , -0.25995
-0.829583,9.865,0.00678389 , 0.00676665 , -0.254221
-0.829583,9.955,0.00657755 , 0.00656122 , -0.24826
-0.825939,1.045,0.512118 , 0.511808 , -0.0605457
-0.825939,1.135,0.478113 , 0.477709 , -0.0846086
-0.825939,1.225,0.430206 , 0.430481 , 0.0639117
-0.825939,1.315,0.370757 , 0.370768 , 0.00289454
-0.825939,1.405,0.352684 , 0.352623 , -0.0174508
-0.825939,1.495,0.306724 , 0.306543 , -0.0589337
-0.825939,1.585,0.287111 , 0.287142 , 0.0110498
-0.825939,1.675,0.262545 , 0.262477 , -0.0256915
-0.825939,1.765,0.235258 , 0.23527 , 0.00510991
-0.825939,1.855,0.220217 , 0.220317 , 0.0453086
-0.825939,1.945,0.204917 , 0.204958 , 0.0200051
-0.825939,2.035,0.186933 , 0.18692 , -0.00690889
-0.825939,2.125,0.17198 , 0.171969 , -0.00611069
-0.825939,2.215,0.160743 , 0.160732 , -0.00687821
-0.825939,2.305,0.150327 , 0.150289 , -0.0252439
-0.825939,2.395,0.140042 , 0.139977 , -0.0462155
-0.825939,2.485,0.13057 , 0.130503 , -0.0512761
-0.825939,2.575,0.122081 , 0.122036 , -0.0368507
-0.825939,2.665,0.114492 , 0.114478 , -0.0120573
-0.825939,2.755,0.107446 , 0.107459 , 0.0119244
-0.825939,2.845,0.100685 , 0.100714 , 0.0285424
-0.825939,2.935,0.0942517 , 0.0942859 , 0.036261
-0.825939,3.025,0.0885063 , 0.0885384 , 0.036228
-0.825939,3.115,0.0835743 , 0.0835996 , 0.0303409
-0.825939,3.205,0.0793488 , 0.0793649 , 0.0203043
-0.825939,3.295,0.0756497 , 0.0756553 , 0.00742166
-0.825939,3.385,0.0723009 , 0.0722957 , -0.00720749
-0.825939,3.475,0.0690801 , 0.0690646 , -0.0224377
-0.825939,3.565,0.0658244 , 0.0658 , -0.0370105
-0.825939,3.655,0.0624279 , 0.0623969 , -0.0496239
-0.825939,3.745,0.0589995 , 0.0589648 , -0.0587974
-0.825939,3.835,0.0556175 , 0.0555824 , -0.0631998
-0.825939,3.925,0.0523837 , 0.0523514 , -0.061769
-0.825939,4.015,0.0493703 , 0.0493437 , -0.0539502
-0.825939,4.105,0.0466446 , 0.0466261 , -0.0397263
-0.825939,4.195,0.0443062 , 0.0442975 , -0.0196751
-0.825939,4.285,0.0423766 , 0.0423786 , 0.00481978
-0.825939,4.375,0.0408488 , 0.0408618 , 0.0318546
-0.825939,4.465,0.039693 , 0.0397165 , 0.059303
-0.825939,4.555,0.0388155 , 0.0388486 , 0.085277
-0.825939,4.645,0.0382127 , 0.038254 , 0.108063
-0.825939,4.735,0.0378255 , 0.0378734 , 0.12653
-0.825939,4.825,0.0375945 , 0.0376472 , 0.140104
-0.825939,4.915,0.0374645 , 0.0375202 , 0.148688
-0.825939,5.005,0.0373867 , 0.0374438 , 0.152539
-0.825939,5.095,0.0373007 , 0.0373575 , 0.152157
-0.825939,5.185,0.0371921 , 0.0372472 , 0.148097
-0.825939,5.275,0.0370374 , 0.0370896 , 0.140962
-0.825939,5.365,0.0368187 , 0.0368671 , 0.131336
-0.825939,5.455,0.0365247 , 0.0365684 , 0.119745
-0.825939,5.545,0.0361493 , 0.0361879 , 0.106651
-0.825939,5.635,0.0356902 , 0.0357232 , 0.0924376
-0.825939,5.725,0.035143 , 0.0351702 , 0.0774061
-0.825939,5.815,0.03452 , 0.0345413 , 0.0618876
-0.825939,5.905,0.033828 , 0.0338436 , 0.0461027
-0.825939,5.995,0.0330753 , 0.0330853 , 0.0302314
-0.825939,6.085,0.0322708 , 0.0322754 , 0.0144199
-0.825939,6.175,0.0314234 , 0.0314231 , -0.00121287
-0.825939,6.265,0.0305423 , 0.0305372 , -0.0165705
-0.825939,6.355,0.0296316 , 0.0296223 , -0.0315885
-0.825939,6.445,0.0287 , 0.0286867 , -0.0462167
-0.825939,6.535,0.0277591 , 0.0277423 , -0.0603928
-0.825939,6.625,0.0268157 , 0.0267958 , -0.0740729
-0.825939,6.715,0.0258756 , 0.025853 , -0.0872212
-0.825939,6.805,0.0249442 , 0.0249193 , -0.0998085
-0.825939,6.895,0.0240259 , 0.023999 , -0.111811
-0.825939,6.985,0.0231245 , 0.023096 , -0.12321
-0.825939,7.075,0.0222432 , 0.0222134 , -0.133989
-0.825939,7.165,0.021374 , 0.0213432 , -0.144274
-0.825939,7.255,0.0205294 , 0.0204978 , -0.153941
-0.825939,7.345,0.0197115 , 0.0196794 , -0.162979
-0.825939,7.435,0.0189216 , 0.0188891 , -0.171382
-0.825939,7.525,0.0181602 , 0.0181277 , -0.179149
-0.825939,7.615,0.0174279 , 0.0173954 , -0.186278
-0.825939,7.705,0.0167248 , 0.0166925 , -0.192773
-0.825939,7.795,0.0160508 , 0.0160189 , -0.198637
-0.825939,7.885,0.0154055 , 0.0153741 , -0.203877
-0.825939,7.975,0.0147875 , 0.0147566 , -0.20851
-0.825939,8.065,0.0141951 , 0.0141649 , -0.212554
-0.825939,8.155,0.0136299 , 0.0136005 , -0.216002
-0.825939,8.245,0.0130912 , 0.0130625 , -0.218867
-0.825939,8.335,0.0125779 , 0.0125501 , -0.221165
-0.825939,8.425,0.0120893 , 0.0120624 , -0.222911
-0.825939,8.515,0.0116244 , 0.0115983 , -0.224123
-0.825939,8.605,0.0111822 , 0.011157 , -0.224818
-0.825939,8.695,0.0107616 , 0.0107374 , -0.225017
-0.825939,8.785,0.0103619 , 0.0103386 , -0.22474
-0.825939,8.875,0.00998186 , 0.0099595 , -0.224009
-0.825939,8.965,0.00962046 , 0.00959902 , -0.222886
-0.825939,9.055,0.00927676 , 0.00925622 , -0.221382
-0.825939,9.145,0.00895005 , 0.0089304 , -0.219492
-0.825939,9.235,0.00863945 , 0.00862069 , -0.217239
-0.825939,9.325,0.00834415 , 0.00832624 , -0.214646
-0.825939,9.415,0.00806333 , 0.00804626 , -0.211737
-0.825939,9.505,0.00779623 , 0.00777997 , -0.208536
-0.825939,9.595,0.00754211 , 0.00752664 , -0.205067
-0.825939,9.685,0.00730026 , 0.00728556 , -0.201351
-0.825939,9.775,0.00707002 , 0.00705606 , -0.197412
-0.825939,9.865,0.00685075 , 0.00683751 , -0.193272
-0.825939,9.955,0.00664185 , 0.0066293 , -0.188954
-0.822295,1.045,0.507533 , 0.507356 , -0.0349824
-0.822295,1.135,0.473892 , 0.473592 , -0.0634275
-0.822295,1.225,0.430919 , 0.43109 , 0.0398234
-0.822295,1.315,0.369508 , 0.369534 , 0.0070095
-0.822295,1.405,0.352342 , 0.352287 , -0.0157166
-0.822295,1.495,0.305876 , 0.305764 , -0.0366815
-0.822295,1.585,0.287401 , 0.287413 , 0.00410087
-0.822295,1.675,0.261874 , 0.261821 , -0.0202333
-0.822295,1.765,0.23508 , 0.235094 , 0.00599765
-0.822295,1.855,0.22039 , 0.220457 , 0.0306907
-0.822295,1.945,0.204839 , 0.204863 , 0.0121132
-0.822295,2.035,0.186793 , 0.186785 , -0.00440117
-0.822295,2.125,0.17199 , 0.171984 , -0.00352822
-0.822295,2.215,0.16086 , 0.16085 , -0.00577088
-0.822295,2.305,0.150463 , 0.150434 , -0.0193506
-0.822295,2.395,0.140177 , 0.140131 , -0.0328354
-0.822295,2.485,0.130705 , 0.13066 , -0.0345155
-0.822295,2.575,0.122206 , 0.122177 , -0.0233502
-0.822295,2.665,0.1146 , 0.114593 , -0.00621082
-0.822295,2.755,0.107544 , 0.107555 , 0.00945192
-0.822295,2.845,0.100791 , 0.100811 , 0.0196883
-0.822295,2.935,0.0943825 , 0.094405 , 0.0239136
-0.822295,3.025,0.0886657 , 0.0886862 , 0.0231766
-0.822295,3.115,0.0837543 , 0.0837701 , 0.0188473
-0.822295,3.205,0.0795338 , 0.0795434 , 0.0120313
-0.822295,3.295,0.0758238 , 0.0758264 , 0.00350186
-0.822295,3.385,0.0724539 , 0.0724495 , -0.00610542
-0.822295,3.475,0.0692089 , 0.0691977 , -0.0160976
-0.822295,3.565,0.0659319 , 0.065915 , -0.0256729
-0.822295,3.655,0.062521 , 0.0624998 , -0.0339737
-0.822295,3.745,0.0590867 , 0.0590631 , -0.0400113
-0.822295,3.835,0.0557065 , 0.0556826 , -0.0428928
-0.822295,3.925,0.0524799 , 0.0524579 , -0.0419066
-0.822295,4.015,0.0494766 , 0.0494585 , -0.0366814
-0.822295,4.105,0.0467611 , 0.0467484 , -0.0272062
-0.822295,4.195,0.044431 , 0.0444249 , -0.0138661
-0.822295,4.285,0.0425064 , 0.0425074 , 0.00242292
-0.822295,4.375,0.0409794 , 0.0409878 , 0.0204038
-0.822295,4.465,0.0398205 , 0.0398359 , 0.0386745
-0.822295,4.555,0.0389354 , 0.0389572 , 0.0559967
-0.822295,4.645,0.0383224 , 0.0383497 , 0.0712339
-0.822295,4.735,0.0379232 , 0.037955 , 0.0836341
-0.822295,4.825,0.0376796 , 0.0377145 , 0.0928096
-0.822295,4.915,0.037537 , 0.0375741 , 0.0986876
-0.822295,5.005,0.0374476 , 0.0374856 , 0.101429
-0.822295,5.095,0.0373511 , 0.037389 , 0.101359
-0.822295,5.185,0.037234 , 0.0372708 , 0.0988376
-0.822295,5.275,0.0370729 , 0.0371078 , 0.0942634
-0.822295,5.365,0.03685 , 0.0368824 , 0.0880204
-0.822295,5.455,0.0365539 , 0.0365834 , 0.080458
-0.822295,5.545,0.0361786 , 0.0362047 , 0.0718829
-0.822295,5.635,0.0357213 , 0.0357437 , 0.0625518
-0.822295,5.725,0.0351769 , 0.0351954 , 0.0526664
-0.822295,5.815,0.034558 , 0.0345727 , 0.0424459
-0.822295,5.905,0.0338714 , 0.0338822 , 0.0320385
-0.822295,5.995,0.0331248 , 0.033132 , 0.0215651
-0.822295,6.085,0.032327 , 0.0323306 , 0.0111238
-0.822295,6.175,0.0314868 , 0.031487 , 0.00079453
-0.822295,6.265,0.0306128 , 0.03061 , -0.00935791
-0.822295,6.355,0.0297093 , 0.0297036 , -0.0192891
-0.822295,6.445,0.0287845 , 0.0287762 , -0.0289651
-0.822295,6.535,0.0278501 , 0.0278395 , -0.0383451
-0.822295,6.625,0.0269128 , 0.0269001 , -0.0474002
-0.822295,6.715,0.0259784 , 0.0259638 , -0.0561065
-0.822295,6.805,0.0250521 , 0.0250359 , -0.064445
-0.822295,6.895,0.0241383 , 0.0241208 , -0.0724
-0.822295,6.985,0.0232409 , 0.0232223 , -0.0799592
-0.822295,7.075,0.0223629 , 0.0223435 , -0.0871129
-0.822295,7.165,0.0214968 , 0.0214766 , -0.0939395
-0.822295,7.255,0.0206547 , 0.020634 , -0.100363
-0.822295,7.345,0.0198388 , 0.0198177 , -0.106373
-0.822295,7.435,0.0190503 , 0.0190289 , -0.111969
-0.822295,7.525,0.0182898 , 0.0182684 , -0.117149
-0.822295,7.615,0.0175579 , 0.0175365 , -0.121912
-0.822295,7.705,0.0168547 , 0.0168334 , -0.126262
-0.822295,7.795,0.0161802 , 0.0161591 , -0.1302
-0.822295,7.885,0.0155341 , 0.0155133 , -0.133731
-0.822295,7.975,0.0149147 , 0.0148943 , -0.136867
-0.822295,8.065,0.0143206 , 0.0143006 , -0.139622
-0.822295,8.155,0.0137535 , 0.013734 , -0.141989
-0.822295,8.245,0.0132125 , 0.0131935 , -0.143976
-0.822295,8.335,0.0126969 , 0.0126784 , -0.145594
-0.822295,8.425,0.0122058 , 0.0121878 , -0.146851
-0.822295,8.515,0.0117381 , 0.0117208 , -0.147759
-0.822295,8.605,0.0112931 , 0.0112763 , -0.148331
-0.822295,8.695,0.0108696 , 0.0108535 , -0.148578
-0.822295,8.785,0.0104669 , 0.0104514 , -0.148514
-0.822295,8.875,0.0100839 , 0.010069 , -0.148153
-0.822295,8.965,0.00971938 , 0.00970504 , -0.147532
-0.822295,9.055,0.00937249 , 0.00935874 , -0.146657
-0.822295,9.145,0.0090426 , 0.00902944 , -0.145529
-0.822295,9.235,0.00872887 , 0.00871629 , -0.144162
-0.822295,9.325,0.00843047 , 0.00841845 , -0.142571
-0.822295,9.415,0.00814661 , 0.00813514 , -0.140772
-0.822295,9.505,0.00787652 , 0.00786559 , -0.138778
-0.822295,9.595,0.00761947 , 0.00760906 , -0.136606
-0.822295,9.685,0.00737477 , 0.00736486 , -0.134269
-0.822295,9.775,0.00714174 , 0.00713233 , -0.131783
-0.822295,9.865,0.00691976 , 0.00691082 , -0.129163
-0.822295,9.955,0.00670821 , 0.00669973 , -0.126421
-0.818651,1.045,0.50385 , 0.503786 , -0.0127342
-0.818651,1.135,0.469624 , 0.469475 , -0.0316658
-0.818651,1.225,0.431349 , 0.431419 , 0.0161857
-0.818651,1.315,0.368573 , 0.368593 , 0.00548407
-0.818651,1.405,0.35188 , 0.351849 , -0.00874561
-0.818651,1.495,0.305123 , 0.305076 , -0.0154586
-0.818651,1.585,0.287674 , 0.287674 , 2.05165e-05
-0.818651,1.675,0.261226 , 0.261198 , -0.0108337
-0.818651,1.765,0.234953 , 0.234962 , 0.00383301
-0.818651,1.855,0.220581 , 0.220613 , 0.0142893
-0.818651,1.945,0.20477 , 0.204781 , 0.00514181
-0.818651,2.035,0.18666 , 0.186657 , -0.00181586
-0.818651,2.125,0.172005 , 0.172002 , -0.00141428
-0.818651,2.215,0.160988 , 0.160983 , -0.0033249
-0.818651,2.305,0.150618 , 0.150603 , -0.0101537
-0.818651,2.395,0.140328 , 0.140305 , -0.0160609
-0.818651,2.485,0.130846 , 0.130825 , -0.0160157
-0.818651,2.575,0.122328 , 0.122315 , -0.010164
-0.818651,2.665,0.114704 , 0.114701 , -0.00201011
-0.818651,2.755,0.107643 , 0.107648 , 0.00503892
-0.818651,2.845,0.100903 , 0.100913 , 0.0093654
-0.818651,2.935,0.0945232 , 0.0945335 , 0.0108981
-0.818651,3.025,0.0888363 , 0.0888454 , 0.0102389
-0.818651,3.115,0.0839448 , 0.0839515 , 0.00805399
-0.818651,3.205,0.0797275 , 0.0797314 , 0.00483041
-0.818651,3.295,0.0760055 , 0.0760062 , 0.000879801
-0.818651,3.385,0.0726147 , 0.0726121 , -0.00354391
-0.818651,3.475,0.0693464 , 0.0693408 , -0.00814452
-0.818651,3.565,0.0660499 , 0.0660416 , -0.0125597
-0.818651,3.655,0.0626264 , 0.0626161 , -0.0163906
-0.818651,3.745,0.0591873 , 0.0591759 , -0.0191731
-0.818651,3.835,0.055809 , 0.0557976 , -0.0204881
-0.818651,3.925,0.052589 , 0.0525785 , -0.0200026
-0.818651,4.015,0.049594 , 0.0495853 , -0.0175443
-0.818651,4.105,0.046886 , 0.0468799 , -0.0131096
-0.818651,4.195,0.0445611 , 0.0445581 , -0.00687919
-0.818651,4.285,0.042638 , 0.0426383 , 0.000721373
-0.818651,4.375,0.0411086 , 0.0411124 , 0.00911041
-0.818651,4.465,0.0399433 , 0.0399503 , 0.0176401
-0.818651,4.555,0.0390478 , 0.0390578 , 0.0257412
-0.818651,4.645,0.0384222 , 0.0384348 , 0.032886
-0.818651,4.735,0.0380093 , 0.0380241 , 0.0387237
-0.818651,4.825,0.0377517 , 0.037768 , 0.0430715
-0.818651,4.915,0.0375959 , 0.0376132 , 0.0458915
-0.818651,5.005,0.0374946 , 0.0375124 , 0.0472544
-0.818651,5.095,0.0373879 , 0.0374056 , 0.0473089
-0.818651,5.185,0.0372627 , 0.03728 , 0.0462195
-0.818651,5.275,0.037096 , 0.0371124 , 0.0441696
-0.818651,5.365,0.03687 , 0.0368852 , 0.0413371
-0.818651,5.455,0.0365731 , 0.036587 , 0.0378847
-0.818651,5.545,0.0361991 , 0.0362114 , 0.033955
-0.818651,5.635,0.035745 , 0.0357556 , 0.0296683
-0.818651,5.725,0.0352047 , 0.0352135 , 0.0251192
-0.818651,5.815,0.0345913 , 0.0345983 , 0.0204094
-0.818651,5.905,0.0339112 , 0.0339165 , 0.0156086
-0.818651,5.995,0.0331721 , 0.0331756 , 0.0107734
-0.818651,6.085,0.0323822 , 0.0323841 , 0.00595002
-0.818651,6.175,0.0315501 , 0.0315504 , 0.00117592
-0.818651,6.265,0.0306843 , 0.0306832 , -0.0035185
-0.818651,6.355,0.0297888 , 0.0297863 , -0.00811191
-0.818651,6.445,0.0288716 , 0.028868 , -0.0125882
-0.818651,6.535,0.0279445 , 0.0279398 , -0.0169289
-0.818651,6.625,0.0270139 , 0.0270082 , -0.0211206
-0.818651,6.715,0.0260857 , 0.0260791 , -0.0251524
-0.818651,6.805,0.0251649 , 0.0251576 , -0.0290153
-0.818651,6.895,0.024256 , 0.0242481 , -0.0327025
-0.818651,6.985,0.0233628 , 0.0233544 , -0.0362082
-0.818651,7.075,0.0224885 , 0.0224796 , -0.0395282
-0.818651,7.165,0.0216257 , 0.0216164 , -0.0426973
-0.818651,7.255,0.0207863 , 0.0207768 , -0.0456816
-0.818651,7.345,0.0199724 , 0.0199628 , -0.0484775
-0.818651,7.435,0.0191853 , 0.0191755 , -0.0510838
-0.818651,7.525,0.0184257 , 0.0184159 , -0.0535
-0.818651,7.615,0.0176942 , 0.0176843 , -0.0557265
-0.818651,7.705,0.0169909 , 0.0169811 , -0.0577641
-0.818651,7.795,0.0163159 , 0.0163062 , -0.0596142
-0.818651,7.885,0.0156689 , 0.0156593 , -0.0612787
-0.818651,7.975,0.0150481 , 0.0150387 , -0.0627642
-0.818651,8.065,0.0144522 , 0.014443 , -0.0640771
-0.818651,8.155,0.013883 , 0.0138739 , -0.0652135
-0.818651,8.245,0.0133397 , 0.0133309 , -0.066177
-0.818651,8.335,0.0128216 , 0.012813 , -0.066972
-0.818651,8.425,0.0123277 , 0.0123193 , -0.067603
-0.818651,8.515,0.0118572 , 0.0118491 , -0.0680751
-0.818651,8.605,0.0114092 , 0.0114014 , -0.0683935
-0.818651,8.695,0.0109827 , 0.0109752 , -0.068564
-0.818651,8.785,0.0105769 , 0.0105696 , -0.0685923
-0.818651,8.875,0.0101908 , 0.0101838 , -0.0684846
-0.818651,8.965,0.00982293 , 0.00981622 , -0.068256
-0.818651,9.055,0.00947268 , 0.00946624 , -0.0679105
-0.818651,9.145,0.00913946 , 0.0091333 , -0.0674483
-0.818651,9.235,0.00882244 , 0.00881654 , -0.0668763
-0.818651,9.325,0.0085208 , 0.00851515 , -0.0662009
-0.818651,9.415,0.00823374 , 0.00822835 , -0.0654291
-0.818651,9.505,0.00796052 , 0.00795538 , -0.0645675
-0.818651,9.595,0.00770041 , 0.00769551 , -0.0636228
-0.818651,9.685,0.00745271 , 0.00744804 , -0.0626016
-0.818651,9.775,0.00721676 , 0.00721232 , -0.0615105
-0.818651,9.865,0.00699194 , 0.00698772 , -0.060356
-0.818651,9.955,0.00677763 , 0.00677362 , -0.0591441
-0.815007,1.045,0.501311 , 0.501311 , 0
-0.815007,1.135,0.465362 , 0.465362 , 0
-0.815007,1.225,0.431495 , 0.431495 , 0
-0.815007,1.315,0.368003 , 0.368003 , 0
-0.815007,1.405,0.351296 , 0.351296 , 0
-0.815007,1.495,0.304462 , 0.304462 , 0
-0.815007,1.585,0.287938 , 0.287938 , 0
-0.815007,1.675,0.260619 , 0.260619 , 0
-0.815007,1.765,0.234882 , 0.234882 , 0
-0.815007,1.855,0.22079 , 0.22079 , 0
-0.815007,1.945,0.204714 , 0.204714 , 0
-0.815007,2.035,0.186542 , 0.186542 , 0
-0.815007,2.125,0.172038 , 0.172038 , 0
-0.815007,2.215,0.161142 , 0.161142 , 0
-0.815007,2.305,0.150799 , 0.150799 , 0
-0.815007,2.395,0.140493 , 0.140493 , 0
-0.815007,2.485,0.130986 , 0.130986 , 0
-0.815007,2.575,0.12244 , 0.12244 , 0
-0.815007,2.665,0.114797 , 0.114797 , 0
-0.815007,2.755,0.107737 , 0.107737 , 0
-0.815007,2.845,0.101019 , 0.101019 , 0
-0.815007,2.935,0.0946735 , 0.0946735 , 0
-0.815007,3.025,0.0890192 , 0.0890192 , 0
-0.815007,3.115,0.0841483 , 0.0841483 , 0
-0.815007,3.205,0.079935 , 0.079935 , 0
-0.815007,3.295,0.0762023 , 0.0762023 , 0
-0.815007,3.385,0.072793 , 0.072793 , 0
-0.815007,3.475,0.0695049 , 0.0695049 , 0
-0.815007,3.565,0.066192 , 0.066192 , 0
-0.815007,3.655,0.0627581 , 0.0627581 , 0
-0.815007,3.745,0.0593149 , 0.0593149 , 0
-0.815007,3.835,0.0559375 , 0.0559375 , 0
-0.815007,3.925,0.052721 , 0.052721 , 0
-0.815007,4.015,0.0497297 , 0.0497297 , 0
-0.815007,4.105,0.0470236 , 0.0470236 , 0
-0.815007,4.195,0.0446975 , 0.0446975 , 0
-0.815007,4.285,0.0427692 , 0.0427692 , 0
-0.815007,4.375,0.0412309 , 0.0412309 , 0
-0.815007,4.465,0.0400532 , 0.0400532 , 0
-0.815007,4.555,0.0391422 , 0.0391422 , 0
-0.815007,4.645,0.0384999 , 0.0384999 , 0
-0.815007,4.735,0.0380701 , 0.0380701 , 0
-0.815007,4.825,0.0377965 , 0.0377965 , 0
-0.815007,4.915,0.0376263 , 0.0376263 , 0
-0.815007,5.005,0.0375128 , 0.0375128 , 0
-0.815007,5.095,0.0373963 , 0.0373963 , 0
-0.815007,5.185,0.0372643 , 0.0372643 , 0
-0.815007,5.275,0.0370937 , 0.0370937 , 0
-0.815007,5.365,0.0368666 , 0.0368666 , 0
-0.815007,5.455,0.0365713 , 0.0365713 , 0
-0.815007,5.545,0.0362013 , 0.0362013 , 0
-0.815007,5.635,0.035753 , 0.035753 , 0
-0.815007,5.725,0.0352196 , 0.0352196 , 0
-0.815007,5.815,0.0346145 , 0.0346145 , 0
-0.815007,5.905,0.0339437 , 0.0339437 , 0
-0.815007,5.995,0.0332144 , 0.0332144 , 0
-0.815007,6.085,0.0324348 , 0.0324348 , 0
-0.815007,6.175,0.0316131 , 0.0316131 , 0
-0.815007,6.265,0.0307576 , 0.0307576 , 0
-0.815007,6.355,0.0298719 , 0.0298719 , 0
-0.815007,6.445,0.0289641 , 0.0289641 , 0
-0.815007,6.535,0.0280457 , 0.0280457 , 0
-0.815007,6.625,0.0271232 , 0.0271232 , 0
-0.815007,6.715,0.0262022 , 0.0262022 , 0
-0.815007,6.805,0.025288 , 0.025288 , 0
-0.815007,6.895,0.0243848 , 0.0243848 , 0
-0.815007,6.985,0.0234965 , 0.0234965 , 0
-0.815007,7.075,0.0226263 , 0.0226263 , 0
-0.815007,7.165,0.0217673 , 0.0217673 , 0
-0.815007,7.255,0.0209309 , 0.0209309 , 0
-0.815007,7.345,0.0201194 , 0.0201194 , 0
-0.815007,7.435,0.0193339 , 0.0193339 , 0
-0.815007,7.525,0.0185752 , 0.0185752 , 0
-0.815007,7.615,0.0178441 , 0.0178441 , 0
-0.815007,7.705,0.0171407 , 0.0171407 , 0
-0.815007,7.795,0.016465 , 0.016465 , 0
-0.815007,7.885,0.0158169 , 0.0158169 , 0
-0.815007,7.975,0.0151946 , 0.0151946 , 0
-0.815007,8.065,0.0145966 , 0.0145966 , 0
-0.815007,8.155,0.014025 , 0.014025 , 0
-0.815007,8.245,0.0134791 , 0.0134791 , 0
-0.815007,8.335,0.0129581 , 0.0129581 , 0
-0.815007,8.425,0.0124613 , 0.0124613 , 0
-0.815007,8.515,0.0119876 , 0.0119876 , 0
-0.815007,8.605,0.0115363 , 0.0115363 , 0
-0.815007,8.695,0.0111065 , 0.0111065 , 0
-0.815007,8.785,0.0106972 , 0.0106972 , 0
-0.815007,8.875,0.0103076 , 0.0103076 , 0
-0.815007,8.965,0.0099361 , 0.0099361 , 0
-0.815007,9.055,0.00958214 , 0.00958214 , 0
-0.815007,9.145,0.00924525 , 0.00924525 , 0
-0.815007,9.235,0.0089246 , 0.0089246 , 0
-0.815007,9.325,0.00861938 , 0.00861938 , 0
-0.815007,9.415,0.00832881 , 0.00832881 , 0
-0.815007,9.505,0.00805214 , 0.00805214 , 0
-0.815007,9.595,0.00778865 , 0.00778865 , 0
-0.815007,9.685,0.00753766 , 0.00753766 , 0
-0.815007,9.775,0.0072985 , 0.0072985 , 0
-0.815007,9.865,0.00707055 , 0.00707055 , 0
-0.815007,9.955,0.0068532 , 0.0068532 , 0
-0.811363,1.045,0.500184 , 0.500184 , 0
-0.811363,1.135,0.461175 , 0.461175 , 0
-0.811363,1.225,0.431399 , 0.431399 , 0
-0.811363,1.315,0.367809 , 0.367809 , 0
-0.811363,1.405,0.350608 , 0.350608 , 0
-0.811363,1.495,0.303943 , 0.303943 , 0
-0.811363,1.585,0.288215 , 0.288215 , 0
-0.811363,1.675,0.260055 , 0.260055 , 0
-0.811363,1.765,0.234849 , 0.234849 , 0
-0.811363,1.855,0.22101 , 0.22101 , 0
-0.811363,1.945,0.204692 , 0.204692 , 0
-0.811363,2.035,0.186479 , 0.186479 , 0
-0.811363,2.125,0.172129 , 0.172129 , 0
-0.811363,2.215,0.161347 , 0.161347 , 0
-0.811363,2.305,0.151015 , 0.151015 , 0
-0.811363,2.395,0.140668 , 0.140668 , 0
-0.811363,2.485,0.131111 , 0.131111 , 0
-0.811363,2.575,0.122526 , 0.122526 , 0
-0.811363,2.665,0.114866 , 0.114866 , 0
-0.811363,2.755,0.107818 , 0.107818 , 0
-0.811363,2.845,0.101134 , 0.101134 , 0
-0.811363,2.935,0.0948323 , 0.0948323 , 0
-0.811363,3.025,0.0892179 , 0.0892179 , 0
-0.811363,3.115,0.0843729 , 0.0843729 , 0
-0.811363,3.205,0.0801686 , 0.0801686 , 0
-0.811363,3.295,0.0764312 , 0.0764312 , 0
-0.811363,3.385,0.07301 , 0.07301 , 0
-0.811363,3.475,0.0697083 , 0.0697083 , 0
-0.811363,3.565,0.0663839 , 0.0663839 , 0
-0.811363,3.655,0.0629423 , 0.0629423 , 0
-0.811363,3.745,0.0594945 , 0.0594945 , 0
-0.811363,3.835,0.0561142 , 0.0561142 , 0
-0.811363,3.925,0.0528943 , 0.0528943 , 0
-0.811363,4.015,0.0498973 , 0.0498973 , 0
-0.811363,4.105,0.0471819 , 0.0471819 , 0
-0.811363,4.195,0.0448423 , 0.0448423 , 0
-0.811363,4.285,0.0428966 , 0.0428966 , 0
-0.811363,4.375,0.0413376 , 0.0413376 , 0
-0.811363,4.465,0.040137 , 0.040137 , 0
-0.811363,4.555,0.0392012 , 0.0392012 , 0
-0.811363,4.645,0.0385347 , 0.0385347 , 0
-0.811363,4.735,0.0380824 , 0.0380824 , 0
-0.811363,4.825,0.0377889 , 0.0377889 , 0
-0.811363,4.915,0.0376023 , 0.0376023 , 0
-0.811363,5.005,0.0374762 , 0.0374762 , 0
-0.811363,5.095,0.037351 , 0.037351 , 0
-0.811363,5.185,0.0372143 , 0.0372143 , 0
-0.811363,5.275,0.0370429 , 0.0370429 , 0
-0.811363,5.365,0.0368186 , 0.0368186 , 0
-0.811363,5.455,0.0365294 , 0.0365294 , 0
-0.811363,5.545,0.0361682 , 0.0361682 , 0
-0.811363,5.635,0.0357308 , 0.0357308 , 0
-0.811363,5.725,0.0352094 , 0.0352094 , 0
-0.811363,5.815,0.0346176 , 0.0346176 , 0
-0.811363,5.905,0.033961 , 0.033961 , 0
-0.811363,5.995,0.0332465 , 0.0332465 , 0
-0.811363,6.085,0.0324817 , 0.0324817 , 0
-0.811363,6.175,0.0316746 , 0.0316746 , 0
-0.811363,6.265,0.0308332 , 0.0308332 , 0
-0.811363,6.355,0.0299609 , 0.0299609 , 0
-0.811363,6.445,0.0290656 , 0.0290656 , 0
-0.811363,6.535,0.0281588 , 0.0281588 , 0
-0.811363,6.625,0.0272469 , 0.0272469 , 0
-0.811363,6.715,0.0263355 , 0.0263355 , 0
-0.811363,6.805,0.0254297 , 0.0254297 , 0
-0.811363,6.895,0.0245339 , 0.0245339 , 0
-0.811363,6.985,0.0236519 , 0.0236519 , 0
-0.811363,7.075,0.022787 , 0.022787 , 0
-0.811363,7.165,0.0219326 , 0.0219326 , 0
-0.811363,7.255,0.0211 , 0.0211 , 0
-0.811363,7.345,0.0202912 , 0.0202912 , 0
-0.811363,7.435,0.0195077 , 0.0195077 , 0
-0.811363,7.525,0.0187502 , 0.0187502 , 0
-0.811363,7.615,0.0180195 , 0.0180195 , 0
-0.811363,7.705,0.0173158 , 0.0173158 , 0
-0.811363,7.795,0.0166393 , 0.0166393 , 0
-0.811363,7.885,0.0159899 , 0.0159899 , 0
-0.811363,7.975,0.0153657 , 0.0153657 , 0
-0.811363,8.065,0.0147652 , 0.0147652 , 0
-0.811363,8.155,0.0141908 , 0.0141908 , 0
-0.811363,8.245,0.0136418 , 0.0136418 , 0
-0.811363,8.335,0.0131175 , 0.0131175 , 0
-0.811363,8.425,0.012617 , 0.012617 , 0
-0.811363,8.515,0.0121396 , 0.0121396 , 0
-0.811363,8.605,0.0116844 , 0.0116844 , 0
-0.811363,8.695,0.0112505 , 0.0112505 , 0
-0.811363,8.785,0.0108371 , 0.0108371 , 0
-0.811363,8.875,0.0104433 , 0.0104433 , 0
-0.811363,8.965,0.0100676 , 0.0100676 , 0
-0.811363,9.055,0.00970923 , 0.00970923 , 0
-0.811363,9.145,0.00936802 , 0.00936802 , 0
-0.811363,9.235,0.00904309 , 0.00904309 , 0
-0.811363,9.325,0.00873365 , 0.00873365 , 0
-0.811363,9.415,0.00843894 , 0.00843894 , 0
-0.811363,9.505,0.00815821 , 0.00815821 , 0
-0.811363,9.595,0.00789075 , 0.00789075 , 0
-0.811363,9.685,0.00763588 , 0.00763588 , 0
-0.811363,9.775,0.00739295 , 0.00739295 , 0
-0.811363,9.865,0.00716132 , 0.00716132 , 0
-0.811363,9.955,0.00694041 , 0.00694041 , 0
-0.807719,1.045,0.4995 , 0.4995 , 0
-0.807719,1.135,0.456877 , 0.456877 , 0
-0.807719,1.225,0.430917 , 0.430917 , 0
-0.807719,1.315,0.367604 , 0.367604 , 0
-0.807719,1.405,0.34972 , 0.34972 , 0
-0.807719,1.495,0.303477 , 0.303477 , 0
-0.807719,1.585,0.288483 , 0.288483 , 0
-0.807719,1.675,0.259295 , 0.259295 , 0
-0.807719,1.765,0.234772 , 0.234772 , 0
-0.807719,1.855,0.221264 , 0.221264 , 0
-0.807719,1.945,0.204621 , 0.204621 , 0
-0.807719,2.035,0.18632 , 0.18632 , 0
-0.807719,2.125,0.172159 , 0.172159 , 0
-0.807719,2.215,0.161534 , 0.161534 , 0
-0.807719,2.305,0.151225 , 0.151225 , 0
-0.807719,2.395,0.140834 , 0.140834 , 0
-0.807719,2.485,0.131232 , 0.131232 , 0
-0.807719,2.575,0.12262 , 0.12262 , 0
-0.807719,2.665,0.11496 , 0.11496 , 0
-0.807719,2.755,0.107932 , 0.107932 , 0
-0.807719,2.845,0.101281 , 0.101281 , 0
-0.807719,2.935,0.0950141 , 0.0950141 , 0
-0.807719,3.025,0.0894221 , 0.0894221 , 0
-0.807719,3.115,0.0845814 , 0.0845814 , 0
-0.807719,3.205,0.0803629 , 0.0803629 , 0
-0.807719,3.295,0.0765981 , 0.0765981 , 0
-0.807719,3.385,0.0731451 , 0.0731451 , 0
-0.807719,3.475,0.0698145 , 0.0698145 , 0
-0.807719,3.565,0.0664693 , 0.0664693 , 0
-0.807719,3.655,0.0630172 , 0.0630172 , 0
-0.807719,3.745,0.0595695 , 0.0595695 , 0
-0.807719,3.835,0.0561976 , 0.0561976 , 0
-0.807719,3.925,0.0529919 , 0.0529919 , 0
-0.807719,4.015,0.0500113 , 0.0500113 , 0
-0.807719,4.105,0.0473118 , 0.0473118 , 0
-0.807719,4.195,0.0449856 , 0.0449856 , 0
-0.807719,4.285,0.0430494 , 0.0430494 , 0
-0.807719,4.375,0.0414951 , 0.0414951 , 0
-0.807719,4.465,0.0402946 , 0.0402946 , 0
-0.807719,4.555,0.039354 , 0.039354 , 0
-0.807719,4.645,0.0386793 , 0.0386793 , 0
-0.807719,4.735,0.0382166 , 0.0382166 , 0
-0.807719,4.825,0.0379112 , 0.0379112 , 0
-0.807719,4.915,0.0377121 , 0.0377121 , 0
-0.807719,5.005,0.0375739 , 0.0375739 , 0
-0.807719,5.095,0.0374371 , 0.0374371 , 0
-0.807719,5.185,0.03729 , 0.03729 , 0
-0.807719,5.275,0.0371099 , 0.0371099 , 0
-0.807719,5.365,0.0368788 , 0.0368788 , 0
-0.807719,5.455,0.0365844 , 0.0365844 , 0
-0.807719,5.545,0.0362199 , 0.0362199 , 0
-0.807719,5.635,0.0357807 , 0.0357807 , 0
-0.807719,5.725,0.0352583 , 0.0352583 , 0
-0.807719,5.815,0.034667 , 0.034667 , 0
-0.807719,5.905,0.034012 , 0.034012 , 0
-0.807719,5.995,0.0333 , 0.0333 , 0
-0.807719,6.085,0.0325384 , 0.0325384 , 0
-0.807719,6.175,0.0317351 , 0.0317351 , 0
-0.807719,6.265,0.0308979 , 0.0308979 , 0
-0.807719,6.355,0.0300298 , 0.0300298 , 0
-0.807719,6.445,0.0291388 , 0.0291388 , 0
-0.807719,6.535,0.0282363 , 0.0282363 , 0
-0.807719,6.625,0.0273284 , 0.0273284 , 0
-0.807719,6.715,0.0264208 , 0.0264208 , 0
-0.807719,6.805,0.0255186 , 0.0255186 , 0
-0.807719,6.895,0.024626 , 0.024626 , 0
-0.807719,6.985,0.0237469 , 0.0237469 , 0
-0.807719,7.075,0.0228844 , 0.0228844 , 0
-0.807719,7.165,0.0220325 , 0.0220325 , 0
-0.807719,7.255,0.0212019 , 0.0212019 , 0
-0.807719,7.345,0.0203949 , 0.0203949 , 0
-0.807719,7.435,0.0196126 , 0.0196126 , 0
-0.807719,7.525,0.018856 , 0.018856 , 0
-0.807719,7.615,0.0181258 , 0.0181258 , 0
-0.807719,7.705,0.0174224 , 0.0174224 , 0
-0.807719,7.795,0.0167457 , 0.0167457 , 0
-0.807719,7.885,0.0160959 , 0.0160959 , 0
-0.807719,7.975,0.0154709 , 0.0154709 , 0
-0.807719,8.065,0.0148694 , 0.0148694 , 0
-0.807719,8.155,0.0142936 , 0.0142936 , 0
-0.807719,8.245,0.0137431 , 0.0137431 , 0
-0.807719,8.335,0.013217 , 0.013217 , 0
-0.807719,8.425,0.0127147 , 0.0127147 , 0
-0.807719,8.515,0.0122354 , 0.0122354 , 0
-0.807719,8.605,0.0117781 , 0.0117781 , 0
-0.807719,8.695,0.0113421 , 0.0113421 , 0
-0.807719,8.785,0.0109266 , 0.0109266 , 0
-0.807719,8.875,0.0105305 , 0.0105305 , 0
-0.807719,8.965,0.0101524 , 0.0101524 , 0
-0.807719,9.055,0.00979159 , 0.00979159 , 0
-0.807719,9.145,0.0094479 , 0.0094479 , 0
-0.807719,9.235,0.00912052 , 0.00912052 , 0
-0.807719,9.325,0.00880866 , 0.00880866 , 0
-0.807719,9.415,0.00851155 , 0.00851155 , 0
-0.807719,9.505,0.00822847 , 0.00822847 , 0
-0.807719,9.595,0.0079587 , 0.0079587 , 0
-0.807719,9.685,0.00770157 , 0.00770157 , 0
-0.807719,9.775,0.00745641 , 0.00745641 , 0
-0.807719,9.865,0.00722263 , 0.00722263 , 0
-0.807719,9.955,0.00699961 , 0.00699961 , 0
-0.804075,1.045,0.499793 , 0.499793 , 0
-0.804075,1.135,0.452902 , 0.452902 , 0
-0.804075,1.225,0.430038 , 0.430038 , 0
-0.804075,1.315,0.367673 , 0.367673 , 0
-0.804075,1.405,0.34868 , 0.34868 , 0
-0.804075,1.495,0.303157 , 0.303157 , 0
-0.804075,1.585,0.288719 , 0.288719 , 0
-0.804075,1.675,0.258509 , 0.258509 , 0
-0.804075,1.765,0.234754 , 0.234754 , 0
-0.804075,1.855,0.221544 , 0.221544 , 0
-0.804075,1.945,0.204534 , 0.204534 , 0
-0.804075,2.035,0.186151 , 0.186151 , 0
-0.804075,2.125,0.172203 , 0.172203 , 0
-0.804075,2.215,0.161746 , 0.161746 , 0
-0.804075,2.305,0.151451 , 0.151451 , 0
-0.804075,2.395,0.141002 , 0.141002 , 0
-0.804075,2.485,0.131346 , 0.131346 , 0
-0.804075,2.575,0.122711 , 0.122711 , 0
-0.804075,2.665,0.115058 , 0.115058 , 0
-0.804075,2.755,0.108058 , 0.108058 , 0
-0.804075,2.845,0.101444 , 0.101444 , 0
-0.804075,2.935,0.0952089 , 0.0952089 , 0
-0.804075,3.025,0.0896345 , 0.0896345 , 0
-0.804075,3.115,0.084793 , 0.084793 , 0
-0.804075,3.205,0.0805564 , 0.0805564 , 0
-0.804075,3.295,0.0767627 , 0.0767627 , 0
-0.804075,3.385,0.0732785 , 0.0732785 , 0
-0.804075,3.475,0.069921 , 0.069921 , 0
-0.804075,3.565,0.0665577 , 0.0665577 , 0
-0.804075,3.655,0.0630979 , 0.0630979 , 0
-0.804075,3.745,0.0596521 , 0.0596521 , 0
-0.804075,3.835,0.0562899 , 0.0562899 , 0
-0.804075,3.925,0.0530984 , 0.0530984 , 0
-0.804075,4.015,0.0501336 , 0.0501336 , 0
-0.804075,4.105,0.0474487 , 0.0474487 , 0
-0.804075,4.195,0.0451341 , 0.0451341 , 0
-0.804075,4.285,0.0432054 , 0.0432054 , 0
-0.804075,4.375,0.041654 , 0.041654 , 0
-0.804075,4.465,0.0404518 , 0.0404518 , 0
-0.804075,4.555,0.0395048 , 0.0395048 , 0
-0.804075,4.645,0.0388208 , 0.0388208 , 0
-0.804075,4.735,0.0383468 , 0.0383468 , 0
-0.804075,4.825,0.038029 , 0.038029 , 0
-0.804075,4.915,0.0378173 , 0.0378173 , 0
-0.804075,5.005,0.0376668 , 0.0376668 , 0
-0.804075,5.095,0.0375185 , 0.0375185 , 0
-0.804075,5.185,0.0373615 , 0.0373615 , 0
-0.804075,5.275,0.0371731 , 0.0371731 , 0
-0.804075,5.365,0.0369354 , 0.0369354 , 0
-0.804075,5.455,0.0366365 , 0.0366365 , 0
-0.804075,5.545,0.0362691 , 0.0362691 , 0
-0.804075,5.635,0.0358287 , 0.0358287 , 0
-0.804075,5.725,0.0353058 , 0.0353058 , 0
-0.804075,5.815,0.0347153 , 0.0347153 , 0
-0.804075,5.905,0.0340623 , 0.0340623 , 0
-0.804075,5.995,0.0333532 , 0.0333532 , 0
-0.804075,6.085,0.0325953 , 0.0325953 , 0
-0.804075,6.175,0.031796 , 0.031796 , 0
-0.804075,6.265,0.0309632 , 0.0309632 , 0
-0.804075,6.355,0.0300996 , 0.0300996 , 0
-0.804075,6.445,0.029213 , 0.029213 , 0
-0.804075,6.535,0.0283148 , 0.0283148 , 0
-0.804075,6.625,0.0274111 , 0.0274111 , 0
-0.804075,6.715,0.0265074 , 0.0265074 , 0
-0.804075,6.805,0.0256088 , 0.0256088 , 0
-0.804075,6.895,0.0247194 , 0.0247194 , 0
-0.804075,6.985,0.0238432 , 0.0238432 , 0
-0.804075,7.075,0.0229831 , 0.0229831 , 0
-0.804075,7.165,0.0221337 , 0.0221337 , 0
-0.804075,7.255,0.0213053 , 0.0213053 , 0
-0.804075,7.345,0.0204998 , 0.0204998 , 0
-0.804075,7.435,0.0197188 , 0.0197188 , 0
-0.804075,7.525,0.0189631 , 0.0189631 , 0
-0.804075,7.615,0.0182335 , 0.0182335 , 0
-0.804075,7.705,0.0175302 , 0.0175302 , 0
-0.804075,7.795,0.0168534 , 0.0168534 , 0
-0.804075,7.885,0.0162031 , 0.0162031 , 0
-0.804075,7.975,0.0155774 , 0.0155774 , 0
-0.804075,8.065,0.0149747 , 0.0149747 , 0
-0.804075,8.155,0.0143976 , 0.0143976 , 0
-0.804075,8.245,0.0138455 , 0.0138455 , 0
-0.804075,8.335,0.0133177 , 0.0133177 , 0
-0.804075,8.425,0.0128136 , 0.0128136 , 0
-0.804075,8.515,0.0123323 , 0.0123323 , 0
-0.804075,8.605,0.0118729 , 0.0118729 , 0
-0.804075,8.695,0.0114348 , 0.0114348 , 0
-0.804075,8.785,0.011017 , 0.011017 , 0
-0.804075,8.875,0.0106188 , 0.0106188 , 0
-0.804075,8.965,0.0102382 , 0.0102382 , 0
-0.804075,9.055,0.00987489 , 0.00987489 , 0
-0.804075,9.145,0.00952871 , 0.00952871 , 0
-0.804075,9.235,0.00919885 , 0.00919885 , 0
-0.804075,9.325,0.00888455 , 0.00888455 , 0
-0.804075,9.415,0.00858503 , 0.00858503 , 0
-0.804075,9.505,0.00829958 , 0.00829958 , 0
-0.804075,9.595,0.00802748 , 0.00802748 , 0
-0.804075,9.685,0.00776807 , 0.00776807 , 0
-0.804075,9.775,0.00752068 , 0.00752068 , 0
-0.804075,9.865,0.00728472 , 0.00728472 , 0
-0.804075,9.955,0.00705957 , 0.00705957 , 0
-0.800431,1.045,0.500979 , 0.500979 , 0
-0.800431,1.135,0.449375 , 0.449375 , 0
-0.800431,1.225,0.428729 , 0.428729 , 0
-0.800431,1.315,0.368025 , 0.368025 , 0
-0.800431,1.405,0.347484 , 0.347484 , 0
-0.800431,1.495,0.302989 , 0.302989 , 0
-0.800431,1.585,0.288907 , 0.288907 , 0
-0.800431,1.675,0.257703 , 0.257703 , 0
-0.800431,1.765,0.234805 , 0.234805 , 0
-0.800431,1.855,0.221846 , 0.221846 , 0
-0.800431,1.945,0.204423 , 0.204423 , 0
-0.800431,2.035,0.185971 , 0.185971 , 0
-0.800431,2.125,0.172266 , 0.172266 , 0
-0.800431,2.215,0.161985 , 0.161985 , 0
-0.800431,2.305,0.151691 , 0.151691 , 0
-0.800431,2.395,0.141167 , 0.141167 , 0
-0.800431,2.485,0.131451 , 0.131451 , 0
-0.800431,2.575,0.122798 , 0.122798 , 0
-0.800431,2.665,0.115162 , 0.115162 , 0
-0.800431,2.755,0.108198 , 0.108198 , 0
-0.800431,2.845,0.101621 , 0.101621 , 0
-0.800431,2.935,0.095416 , 0.095416 , 0
-0.800431,3.025,0.0898539 , 0.0898539 , 0
-0.800431,3.115,0.0850062 , 0.0850062 , 0
-0.800431,3.205,0.0807481 , 0.0807481 , 0
-0.800431,3.295,0.0769248 , 0.0769248 , 0
-0.800431,3.385,0.0734108 , 0.0734108 , 0
-0.800431,3.475,0.0700292 , 0.0700292 , 0
-0.800431,3.565,0.0666509 , 0.0666509 , 0
-0.800431,3.655,0.0631861 , 0.0631861 , 0
-0.800431,3.745,0.0597443 , 0.0597443 , 0
-0.800431,3.835,0.0563926 , 0.0563926 , 0
-0.800431,3.925,0.0532151 , 0.0532151 , 0
-0.800431,4.015,0.0502648 , 0.0502648 , 0
-0.800431,4.105,0.0475928 , 0.0475928 , 0
-0.800431,4.195,0.0452877 , 0.0452877 , 0
-0.800431,4.285,0.0433643 , 0.0433643 , 0
-0.800431,4.375,0.0418136 , 0.0418136 , 0
-0.800431,4.465,0.0406078 , 0.0406078 , 0
-0.800431,4.555,0.0396528 , 0.0396528 , 0
-0.800431,4.645,0.0389582 , 0.0389582 , 0
-0.800431,4.735,0.0384719 , 0.0384719 , 0
-0.800431,4.825,0.0381412 , 0.0381412 , 0
-0.800431,4.915,0.0379165 , 0.0379165 , 0
-0.800431,5.005,0.0377538 , 0.0377538 , 0
-0.800431,5.095,0.0375943 , 0.0375943 , 0
-0.800431,5.185,0.0374276 , 0.0374276 , 0
-0.800431,5.275,0.0372313 , 0.0372313 , 0
-0.800431,5.365,0.0369878 , 0.0369878 , 0
-0.800431,5.455,0.0366848 , 0.0366848 , 0
-0.800431,5.545,0.0363153 , 0.0363153 , 0
-0.800431,5.635,0.0358742 , 0.0358742 , 0
-0.800431,5.725,0.0353514 , 0.0353514 , 0
-0.800431,5.815,0.0347623 , 0.0347623 , 0
-0.800431,5.905,0.0341117 , 0.0341117 , 0
-0.800431,5.995,0.033406 , 0.033406 , 0
-0.800431,6.085,0.032652 , 0.032652 , 0
-0.800431,6.175,0.0318571 , 0.0318571 , 0
-0.800431,6.265,0.031029 , 0.031029 , 0
-0.800431,6.355,0.0301701 , 0.0301701 , 0
-0.800431,6.445,0.0292881 , 0.0292881 , 0
-0.800431,6.535,0.0283944 , 0.0283944 , 0
-0.800431,6.625,0.027495 , 0.027495 , 0
-0.800431,6.715,0.0265954 , 0.0265954 , 0
-0.800431,6.805,0.0257004 , 0.0257004 , 0
-0.800431,6.895,0.0248144 , 0.0248144 , 0
-0.800431,6.985,0.0239411 , 0.0239411 , 0
-0.800431,7.075,0.0230835 , 0.0230835 , 0
-0.800431,7.165,0.0222366 , 0.0222366 , 0
-0.800431,7.255,0.0214102 , 0.0214102 , 0
-0.800431,7.345,0.0206065 , 0.0206065 , 0
-0.800431,7.435,0.0198267 , 0.0198267 , 0
-0.800431,7.525,0.0190719 , 0.0190719 , 0
-0.800431,7.615,0.0183427 , 0.0183427 , 0
-0.800431,7.705,0.0176396 , 0.0176396 , 0
-0.800431,7.795,0.0169626 , 0.0169626 , 0
-0.800431,7.885,0.0163119 , 0.0163119 , 0
-0.800431,7.975,0.0156854 , 0.0156854 , 0
-0.800431,8.065,0.0150815 , 0.0150815 , 0
-0.800431,8.155,0.014503 , 0.014503 , 0
-0.800431,8.245,0.0139493 , 0.0139493 , 0
-0.800431,8.335,0.0134198 , 0.0134198 , 0
-0.800431,8.425,0.0129138 , 0.0129138 , 0
-0.800431,8.515,0.0124305 , 0.0124305 , 0
-0.800431,8.605,0.0119691 , 0.0119691 , 0
-0.800431,8.695,0.0115288 , 0.0115288 , 0
-0.800431,8.785,0.0111088 , 0.0111088 , 0
-0.800431,8.875,0.0107083 , 0.0107083 , 0
-0.800431,8.965,0.0103253 , 0.0103253 , 0
-0.800431,9.055,0.00995941 , 0.00995941 , 0
-0.800431,9.145,0.0096107 , 0.0096107 , 0
-0.800431,9.235,0.00927835 , 0.00927835 , 0
-0.800431,9.325,0.00896157 , 0.00896157 , 0
-0.800431,9.415,0.00865962 , 0.00865962 , 0
-0.800431,9.505,0.00837177 , 0.00837177 , 0
-0.800431,9.595,0.00809732 , 0.00809732 , 0
-0.800431,9.685,0.0078356 , 0.0078356 , 0
-0.800431,9.775,0.00758597 , 0.00758597 , 0
-0.800431,9.865,0.0073478 , 0.0073478 , 0
-0.800431,9.955,0.00712051 , 0.00712051 , 0
-0.796787,1.045,0.502964 , 0.502964 , 0
-0.796787,1.135,0.446399 , 0.446399 , 0
-0.796787,1.225,0.426979 , 0.426979 , 0
-0.796787,1.315,0.368668 , 0.368668 , 0
-0.796787,1.405,0.346121 , 0.346121 , 0
-0.796787,1.495,0.302978 , 0.302978 , 0
-0.796787,1.585,0.289038 , 0.289038 , 0
-0.796787,1.675,0.256891 , 0.256891 , 0
-0.796787,1.765,0.234938 , 0.234938 , 0
-0.796787,1.855,0.222162 , 0.222162 , 0
-0.796787,1.945,0.20428 , 0.20428 , 0
-0.796787,2.035,0.185781 , 0.185781 , 0
-0.796787,2.125,0.172354 , 0.172354 , 0
-0.796787,2.215,0.162254 , 0.162254 , 0
-0.796787,2.305,0.151944 , 0.151944 , 0
-0.796787,2.395,0.141328 , 0.141328 , 0
-0.796787,2.485,0.131548 , 0.131548 , 0
-0.796787,2.575,0.122883 , 0.122883 , 0
-0.796787,2.665,0.115274 , 0.115274 , 0
-0.796787,2.755,0.108351 , 0.108351 , 0
-0.796787,2.845,0.101814 , 0.101814 , 0
-0.796787,2.935,0.0956344 , 0.0956344 , 0
-0.796787,3.025,0.0900787 , 0.0900787 , 0
-0.796787,3.115,0.0852199 , 0.0852199 , 0
-0.796787,3.205,0.0809378 , 0.0809378 , 0
-0.796787,3.295,0.077085 , 0.077085 , 0
-0.796787,3.385,0.0735434 , 0.0735434 , 0
-0.796787,3.475,0.0701411 , 0.0701411 , 0
-0.796787,3.565,0.0667513 , 0.0667513 , 0
-0.796787,3.655,0.0632844 , 0.0632844 , 0
-0.796787,3.745,0.0598483 , 0.0598483 , 0
-0.796787,3.835,0.0565075 , 0.0565075 , 0
-0.796787,3.925,0.0533432 , 0.0533432 , 0
-0.796787,4.015,0.0504059 , 0.0504059 , 0
-0.796787,4.105,0.0477444 , 0.0477444 , 0
-0.796787,4.195,0.0454463 , 0.0454463 , 0
-0.796787,4.285,0.0435254 , 0.0435254 , 0
-0.796787,4.375,0.0419729 , 0.0419729 , 0
-0.796787,4.465,0.0407613 , 0.0407613 , 0
-0.796787,4.555,0.0397965 , 0.0397965 , 0
-0.796787,4.645,0.0390898 , 0.0390898 , 0
-0.796787,4.735,0.0385903 , 0.0385903 , 0
-0.796787,4.825,0.038246 , 0.038246 , 0
-0.796787,4.915,0.0380081 , 0.0380081 , 0
-0.796787,5.005,0.0378332 , 0.0378332 , 0
-0.796787,5.095,0.0376627 , 0.0376627 , 0
-0.796787,5.185,0.0374869 , 0.0374869 , 0
-0.796787,5.275,0.0372834 , 0.0372834 , 0
-0.796787,5.365,0.0370346 , 0.0370346 , 0
-0.796787,5.455,0.0367284 , 0.0367284 , 0
-0.796787,5.545,0.0363574 , 0.0363574 , 0
-0.796787,5.635,0.0359163 , 0.0359163 , 0
-0.796787,5.725,0.0353943 , 0.0353943 , 0
-0.796787,5.815,0.0348072 , 0.0348072 , 0
-0.796787,5.905,0.0341598 , 0.0341598 , 0
-0.796787,5.995,0.0334579 , 0.0334579 , 0
-0.796787,6.085,0.0327084 , 0.0327084 , 0
-0.796787,6.175,0.0319184 , 0.0319184 , 0
-0.796787,6.265,0.0310952 , 0.0310952 , 0
-0.796787,6.355,0.0302414 , 0.0302414 , 0
-0.796787,6.445,0.0293644 , 0.0293644 , 0
-0.796787,6.535,0.0284754 , 0.0284754 , 0
-0.796787,6.625,0.0275805 , 0.0275805 , 0
-0.796787,6.715,0.0266851 , 0.0266851 , 0
-0.796787,6.805,0.0257939 , 0.0257939 , 0
-0.796787,6.895,0.0249113 , 0.0249113 , 0
-0.796787,6.985,0.024041 , 0.024041 , 0
-0.796787,7.075,0.023186 , 0.023186 , 0
-0.796787,7.165,0.0223417 , 0.0223417 , 0
-0.796787,7.255,0.0215174 , 0.0215174 , 0
-0.796787,7.345,0.0207153 , 0.0207153 , 0
-0.796787,7.435,0.0199368 , 0.0199368 , 0
-0.796787,7.525,0.0191829 , 0.0191829 , 0
-0.796787,7.615,0.0184542 , 0.0184542 , 0
-0.796787,7.705,0.0177512 , 0.0177512 , 0
-0.796787,7.795,0.017074 , 0.017074 , 0
-0.796787,7.885,0.0164228 , 0.0164228 , 0
-0.796787,7.975,0.0157954 , 0.0157954 , 0
-0.796787,8.065,0.0151903 , 0.0151903 , 0
-0.796787,8.155,0.0146104 , 0.0146104 , 0
-0.796787,8.245,0.0140552 , 0.0140552 , 0
-0.796787,8.335,0.0135239 , 0.0135239 , 0
-0.796787,8.425,0.013016 , 0.013016 , 0
-0.796787,8.515,0.0125307 , 0.0125307 , 0
-0.796787,8.605,0.0120672 , 0.0120672 , 0
-0.796787,8.695,0.0116247 , 0.0116247 , 0
-0.796787,8.785,0.0112024 , 0.0112024 , 0
-0.796787,8.875,0.0107995 , 0.0107995 , 0
-0.796787,8.965,0.010414 , 0.010414 , 0
-0.796787,9.055,0.0100456 , 0.0100456 , 0
-0.796787,9.145,0.00969435 , 0.00969435 , 0
-0.796787,9.235,0.00935945 , 0.00935945 , 0
-0.796787,9.325,0.00904017 , 0.00904017 , 0
-0.796787,9.415,0.00873574 , 0.00873574 , 0
-0.796787,9.505,0.00844546 , 0.00844546 , 0
-0.796787,9.595,0.00816862 , 0.00816862 , 0
-0.796787,9.685,0.00790456 , 0.00790456 , 0
-0.796787,9.775,0.00765263 , 0.00765263 , 0
-0.796787,9.865,0.00741223 , 0.00741223 , 0
-0.796787,9.955,0.00718276 , 0.00718276 , 0
-0.793143,1.045,0.505645 , 0.505645 , 0
-0.793143,1.135,0.44404 , 0.44404 , 0
-0.793143,1.225,0.424813 , 0.424813 , 0
-0.793143,1.315,0.369605 , 0.369605 , 0
-0.793143,1.405,0.344581 , 0.344581 , 0
-0.793143,1.495,0.303128 , 0.303128 , 0
-0.793143,1.585,0.289102 , 0.289102 , 0
-0.793143,1.675,0.256092 , 0.256092 , 0
-0.793143,1.765,0.23516 , 0.23516 , 0
-0.793143,1.855,0.222483 , 0.222483 , 0
-0.793143,1.945,0.204096 , 0.204096 , 0
-0.793143,2.035,0.185588 , 0.185588 , 0
-0.793143,2.125,0.172475 , 0.172475 , 0
-0.793143,2.215,0.162556 , 0.162556 , 0
-0.793143,2.305,0.152208 , 0.152208 , 0
-0.793143,2.395,0.141481 , 0.141481 , 0
-0.793143,2.485,0.131635 , 0.131635 , 0
-0.793143,2.575,0.122966 , 0.122966 , 0
-0.793143,2.665,0.115395 , 0.115395 , 0
-0.793143,2.755,0.10852 , 0.10852 , 0
-0.793143,2.845,0.102021 , 0.102021 , 0
-0.793143,2.935,0.0958626 , 0.0958626 , 0
-0.793143,3.025,0.0903076 , 0.0903076 , 0
-0.793143,3.115,0.0854334 , 0.0854334 , 0
-0.793143,3.205,0.081126 , 0.081126 , 0
-0.793143,3.295,0.077245 , 0.077245 , 0
-0.793143,3.385,0.0736793 , 0.0736793 , 0
-0.793143,3.475,0.0702605 , 0.0702605 , 0
-0.793143,3.565,0.0668631 , 0.0668631 , 0
-0.793143,3.655,0.0633969 , 0.0633969 , 0
-0.793143,3.745,0.0599678 , 0.0599678 , 0
-0.793143,3.835,0.0566377 , 0.0566377 , 0
-0.793143,3.925,0.0534852 , 0.0534852 , 0
-0.793143,4.015,0.0505584 , 0.0505584 , 0
-0.793143,4.105,0.0479043 , 0.0479043 , 0
-0.793143,4.195,0.0456096 , 0.0456096 , 0
-0.793143,4.285,0.0436879 , 0.0436879 , 0
-0.793143,4.375,0.0421304 , 0.0421304 , 0
-0.793143,4.465,0.0409103 , 0.0409103 , 0
-0.793143,4.555,0.0399333 , 0.0399333 , 0
-0.793143,4.645,0.0392129 , 0.0392129 , 0
-0.793143,4.735,0.038699 , 0.038699 , 0
-0.793143,4.825,0.0383403 , 0.0383403 , 0
-0.793143,4.915,0.038089 , 0.038089 , 0
-0.793143,5.005,0.037902 , 0.037902 , 0
-0.793143,5.095,0.0377209 , 0.0377209 , 0
-0.793143,5.185,0.0375365 , 0.0375365 , 0
-0.793143,5.275,0.0373266 , 0.0373266 , 0
-0.793143,5.365,0.0370735 , 0.0370735 , 0
-0.793143,5.455,0.0367649 , 0.0367649 , 0
-0.793143,5.545,0.0363934 , 0.0363934 , 0
-0.793143,5.635,0.0359534 , 0.0359534 , 0
-0.793143,5.725,0.035433 , 0.035433 , 0
-0.793143,5.815,0.0348489 , 0.0348489 , 0
-0.793143,5.905,0.0342054 , 0.0342054 , 0
-0.793143,5.995,0.0335082 , 0.0335082 , 0
-0.793143,6.085,0.0327639 , 0.0327639 , 0
-0.793143,6.175,0.0319794 , 0.0319794 , 0
-0.793143,6.265,0.0311619 , 0.0311619 , 0
-0.793143,6.355,0.0303136 , 0.0303136 , 0
-0.793143,6.445,0.029442 , 0.029442 , 0
-0.793143,6.535,0.0285581 , 0.0285581 , 0
-0.793143,6.625,0.0276681 , 0.0276681 , 0
-0.793143,6.715,0.0267771 , 0.0267771 , 0
-0.793143,6.805,0.02589 , 0.02589 , 0
-0.793143,6.895,0.0250111 , 0.0250111 , 0
-0.793143,6.985,0.0241439 , 0.0241439 , 0
-0.793143,7.075,0.0232916 , 0.0232916 , 0
-0.793143,7.165,0.0224499 , 0.0224499 , 0
-0.793143,7.255,0.0216278 , 0.0216278 , 0
-0.793143,7.345,0.0208275 , 0.0208275 , 0
-0.793143,7.435,0.0200503 , 0.0200503 , 0
-0.793143,7.525,0.0192972 , 0.0192972 , 0
-0.793143,7.615,0.018569 , 0.018569 , 0
-0.793143,7.705,0.0178662 , 0.0178662 , 0
-0.793143,7.795,0.0171888 , 0.0171888 , 0
-0.793143,7.885,0.0165371 , 0.0165371 , 0
-0.793143,7.975,0.0159089 , 0.0159089 , 0
-0.793143,8.065,0.0153025 , 0.0153025 , 0
-0.793143,8.155,0.0147211 , 0.0147211 , 0
-0.793143,8.245,0.0141642 , 0.0141642 , 0
-0.793143,8.335,0.0136311 , 0.0136311 , 0
-0.793143,8.425,0.0131213 , 0.0131213 , 0
-0.793143,8.515,0.0126339 , 0.0126339 , 0
-0.793143,8.605,0.0121682 , 0.0121682 , 0
-0.793143,8.695,0.0117234 , 0.0117234 , 0
-0.793143,8.785,0.0112988 , 0.0112988 , 0
-0.793143,8.875,0.0108936 , 0.0108936 , 0
-0.793143,8.965,0.0105055 , 0.0105055 , 0
-0.793143,9.055,0.0101345 , 0.0101345 , 0
-0.793143,9.145,0.00978055 , 0.00978055 , 0
-0.793143,9.235,0.00944305 , 0.00944305 , 0
-0.793143,9.325,0.00912118 , 0.00912118 , 0
-0.793143,9.415,0.00881421 , 0.00881421 , 0
-0.793143,9.505,0.00852142 , 0.00852142 , 0
-0.793143,9.595,0.00824213 , 0.00824213 , 0
-0.793143,9.685,0.00797566 , 0.00797566 , 0
-0.793143,9.775,0.00772138 , 0.00772138 , 0
-0.793143,9.865,0.00747868 , 0.00747868 , 0
-0.793143,9.955,0.00724697 , 0.00724697 , 0
-0.789499,1.045,0.508899 , 0.508899 , 0
-0.789499,1.135,0.442324 , 0.442324 , 0
-0.789499,1.225,0.422308 , 0.422308 , 0
-0.789499,1.315,0.37082 , 0.37082 , 0
-0.789499,1.405,0.342858 , 0.342858 , 0
-0.789499,1.495,0.303447 , 0.303447 , 0
-0.789499,1.585,0.289096 , 0.289096 , 0
-0.789499,1.675,0.255327 , 0.255327 , 0
-0.789499,1.765,0.235476 , 0.235476 , 0
-0.789499,1.855,0.222795 , 0.222795 , 0
-0.789499,1.945,0.203872 , 0.203872 , 0
-0.789499,2.035,0.185403 , 0.185403 , 0
-0.789499,2.125,0.172643 , 0.172643 , 0
-0.789499,2.215,0.162896 , 0.162896 , 0
-0.789499,2.305,0.15248 , 0.15248 , 0
-0.789499,2.395,0.141623 , 0.141623 , 0
-0.789499,2.485,0.131709 , 0.131709 , 0
-0.789499,2.575,0.123048 , 0.123048 , 0
-0.789499,2.665,0.115525 , 0.115525 , 0
-0.789499,2.755,0.108703 , 0.108703 , 0
-0.789499,2.845,0.102242 , 0.102242 , 0
-0.789499,2.935,0.0960996 , 0.0960996 , 0
-0.789499,3.025,0.0905402 , 0.0905402 , 0
-0.789499,3.115,0.0856479 , 0.0856479 , 0
-0.789499,3.205,0.0813156 , 0.0813156 , 0
-0.789499,3.295,0.0774099 , 0.0774099 , 0
-0.789499,3.385,0.073825 , 0.073825 , 0
-0.789499,3.475,0.0703949 , 0.0703949 , 0
-0.789499,3.565,0.0669942 , 0.0669942 , 0
-0.789499,3.655,0.0635314 , 0.0635314 , 0
-0.789499,3.745,0.0601101 , 0.0601101 , 0
-0.789499,3.835,0.0567895 , 0.0567895 , 0
-0.789499,3.925,0.053646 , 0.053646 , 0
-0.789499,4.015,0.0507255 , 0.0507255 , 0
-0.789499,4.105,0.048074 , 0.048074 , 0
-0.789499,4.195,0.0457777 , 0.0457777 , 0
-0.789499,4.285,0.0438501 , 0.0438501 , 0
-0.789499,4.375,0.042283 , 0.042283 , 0
-0.789499,4.465,0.0410503 , 0.0410503 , 0
-0.789499,4.555,0.0400579 , 0.0400579 , 0
-0.789499,4.645,0.0393212 , 0.0393212 , 0
-0.789499,4.735,0.038791 , 0.038791 , 0
-0.789499,4.825,0.038417 , 0.038417 , 0
-0.789499,4.915,0.0381517 , 0.0381517 , 0
-0.789499,5.005,0.0379528 , 0.0379528 , 0
-0.789499,5.095,0.0377616 , 0.0377616 , 0
-0.789499,5.185,0.0375695 , 0.0375695 , 0
-0.789499,5.275,0.0373543 , 0.0373543 , 0
-0.789499,5.365,0.0370982 , 0.0370982 , 0
-0.789499,5.455,0.0367888 , 0.0367888 , 0
-0.789499,5.545,0.0364184 , 0.0364184 , 0
-0.789499,5.635,0.035981 , 0.035981 , 0
-0.789499,5.725,0.035464 , 0.035464 , 0
-0.789499,5.815,0.0348844 , 0.0348844 , 0
-0.789499,5.905,0.0342463 , 0.0342463 , 0
-0.789499,5.995,0.0335551 , 0.0335551 , 0
-0.789499,6.085,0.0328173 , 0.0328173 , 0
-0.789499,6.175,0.0320395 , 0.0320395 , 0
-0.789499,6.265,0.0312287 , 0.0312287 , 0
-0.789499,6.355,0.030387 , 0.030387 , 0
-0.789499,6.445,0.0295216 , 0.0295216 , 0
-0.789499,6.535,0.0286437 , 0.0286437 , 0
-0.789499,6.625,0.0277592 , 0.0277592 , 0
-0.789499,6.715,0.0268733 , 0.0268733 , 0
-0.789499,6.805,0.0259908 , 0.0259908 , 0
-0.789499,6.895,0.0251159 , 0.0251159 , 0
-0.789499,6.985,0.0242522 , 0.0242522 , 0
-0.789499,7.075,0.0234029 , 0.0234029 , 0
-0.789499,7.165,0.0225642 , 0.0225642 , 0
-0.789499,7.255,0.0217445 , 0.0217445 , 0
-0.789499,7.345,0.020946 , 0.020946 , 0
-0.789499,7.435,0.0201702 , 0.0201702 , 0
-0.789499,7.525,0.0194181 , 0.0194181 , 0
-0.789499,7.615,0.0186904 , 0.0186904 , 0
-0.789499,7.705,0.0179877 , 0.0179877 , 0
-0.789499,7.795,0.0173102 , 0.0173102 , 0
-0.789499,7.885,0.0166579 , 0.0166579 , 0
-0.789499,7.975,0.0160287 , 0.0160287 , 0
-0.789499,8.065,0.015421 , 0.015421 , 0
-0.789499,8.155,0.0148381 , 0.0148381 , 0
-0.789499,8.245,0.0142794 , 0.0142794 , 0
-0.789499,8.335,0.0137444 , 0.0137444 , 0
-0.789499,8.425,0.0132325 , 0.0132325 , 0
-0.789499,8.515,0.0127429 , 0.0127429 , 0
-0.789499,8.605,0.0122749 , 0.0122749 , 0
-0.789499,8.695,0.0118277 , 0.0118277 , 0
-0.789499,8.785,0.0114007 , 0.0114007 , 0
-0.789499,8.875,0.0109929 , 0.0109929 , 0
-0.789499,8.965,0.0106022 , 0.0106022 , 0
-0.789499,9.055,0.0102283 , 0.0102283 , 0
-0.789499,9.145,0.00987158 , 0.00987158 , 0
-0.789499,9.235,0.00953131 , 0.00953131 , 0
-0.789499,9.325,0.00920672 , 0.00920672 , 0
-0.789499,9.415,0.00889706 , 0.00889706 , 0
-0.789499,9.505,0.00860163 , 0.00860163 , 0
-0.789499,9.595,0.00831974 , 0.00831974 , 0
-0.789499,9.685,0.00805073 , 0.00805073 , 0
-0.789499,9.775,0.00779397 , 0.00779397 , 0
-0.789499,9.865,0.00754884 , 0.00754884 , 0
-0.789499,9.955,0.00731476 , 0.00731476 , 0
-0.785855,1.045,0.512555 , 0.512555 , 0
-0.785855,1.135,0.441287 , 0.441287 , 0
-0.785855,1.225,0.419683 , 0.419683 , 0
-0.785855,1.315,0.372277 , 0.372277 , 0
-0.785855,1.405,0.341011 , 0.341011 , 0
-0.785855,1.495,0.303964 , 0.303964 , 0
-0.785855,1.585,0.289048 , 0.289048 , 0
-0.785855,1.675,0.254648 , 0.254648 , 0
-0.785855,1.765,0.235884 , 0.235884 , 0
-0.785855,1.855,0.223094 , 0.223094 , 0
-0.785855,1.945,0.203639 , 0.203639 , 0
-0.785855,2.035,0.185277 , 0.185277 , 0
-0.785855,2.125,0.172896 , 0.172896 , 0
-0.785855,2.215,0.163296 , 0.163296 , 0
-0.785855,2.305,0.152768 , 0.152768 , 0
-0.785855,2.395,0.141753 , 0.141753 , 0
-0.785855,2.485,0.131764 , 0.131764 , 0
-0.785855,2.575,0.123118 , 0.123118 , 0
-0.785855,2.665,0.115654 , 0.115654 , 0
-0.785855,2.755,0.108893 , 0.108893 , 0
-0.785855,2.845,0.102472 , 0.102472 , 0
-0.785855,2.935,0.096346 , 0.096346 , 0
-0.785855,3.025,0.0907827 , 0.0907827 , 0
-0.785855,3.115,0.0858757 , 0.0858757 , 0
-0.785855,3.205,0.0815258 , 0.0815258 , 0
-0.785855,3.295,0.0776054 , 0.0776054 , 0
-0.785855,3.385,0.0740125 , 0.0740125 , 0
-0.785855,3.475,0.0705812 , 0.0705812 , 0
-0.785855,3.565,0.0671846 , 0.0671846 , 0
-0.785855,3.655,0.0637284 , 0.0637284 , 0
-0.785855,3.745,0.0603135 , 0.0603135 , 0
-0.785855,3.835,0.056997 , 0.056997 , 0
-0.785855,3.925,0.0538532 , 0.0538532 , 0
-0.785855,4.015,0.0509273 , 0.0509273 , 0
-0.785855,4.105,0.0482648 , 0.0482648 , 0
-0.785855,4.195,0.0459527 , 0.0459527 , 0
-0.785855,4.285,0.0440054 , 0.0440054 , 0
-0.785855,4.375,0.0424156 , 0.0424156 , 0
-0.785855,4.465,0.0411588 , 0.0411588 , 0
-0.785855,4.555,0.0401412 , 0.0401412 , 0
-0.785855,4.645,0.0393805 , 0.0393805 , 0
-0.785855,4.735,0.0388283 , 0.0388283 , 0
-0.785855,4.825,0.0384351 , 0.0384351 , 0
-0.785855,4.915,0.038154 , 0.038154 , 0
-0.785855,5.005,0.0379428 , 0.0379428 , 0
-0.785855,5.095,0.0377428 , 0.0377428 , 0
-0.785855,5.185,0.0375454 , 0.0375454 , 0
-0.785855,5.275,0.0373284 , 0.0373284 , 0
-0.785855,5.365,0.0370735 , 0.0370735 , 0
-0.785855,5.455,0.036768 , 0.036768 , 0
-0.785855,5.545,0.0364038 , 0.0364038 , 0
-0.785855,5.635,0.0359744 , 0.0359744 , 0
-0.785855,5.725,0.035466 , 0.035466 , 0
-0.785855,5.815,0.0348962 , 0.0348962 , 0
-0.785855,5.905,0.0342687 , 0.0342687 , 0
-0.785855,5.995,0.0335887 , 0.0335887 , 0
-0.785855,6.085,0.032862 , 0.032862 , 0
-0.785855,6.175,0.0320953 , 0.0320953 , 0
-0.785855,6.265,0.0312954 , 0.0312954 , 0
-0.785855,6.355,0.030464 , 0.030464 , 0
-0.785855,6.445,0.0296083 , 0.0296083 , 0
-0.785855,6.535,0.0287395 , 0.0287395 , 0
-0.785855,6.625,0.0278632 , 0.0278632 , 0
-0.785855,6.715,0.0269849 , 0.0269849 , 0
-0.785855,6.805,0.026109 , 0.026109 , 0
-0.785855,6.895,0.02524 , 0.02524 , 0
-0.785855,6.985,0.0243814 , 0.0243814 , 0
-0.785855,7.075,0.0235365 , 0.0235365 , 0
-0.785855,7.165,0.0227017 , 0.0227017 , 0
-0.785855,7.255,0.0218853 , 0.0218853 , 0
-0.785855,7.345,0.0210894 , 0.0210894 , 0
-0.785855,7.435,0.0203154 , 0.0203154 , 0
-0.785855,7.525,0.0195646 , 0.0195646 , 0
-0.785855,7.615,0.0188377 , 0.0188377 , 0
-0.785855,7.705,0.0181351 , 0.0181351 , 0
-0.785855,7.795,0.0174573 , 0.0174573 , 0
-0.785855,7.885,0.0168043 , 0.0168043 , 0
-0.785855,7.975,0.016174 , 0.016174 , 0
-0.785855,8.065,0.0155647 , 0.0155647 , 0
-0.785855,8.155,0.0149798 , 0.0149798 , 0
-0.785855,8.245,0.0144189 , 0.0144189 , 0
-0.785855,8.335,0.0138815 , 0.0138815 , 0
-0.785855,8.425,0.013367 , 0.013367 , 0
-0.785855,8.515,0.0128746 , 0.0128746 , 0
-0.785855,8.605,0.0124037 , 0.0124037 , 0
-0.785855,8.695,0.0119536 , 0.0119536 , 0
-0.785855,8.785,0.0115234 , 0.0115234 , 0
-0.785855,8.875,0.0111125 , 0.0111125 , 0
-0.785855,8.965,0.0107185 , 0.0107185 , 0
-0.785855,9.055,0.0103411 , 0.0103411 , 0
-0.785855,9.145,0.009981 , 0.009981 , 0
-0.785855,9.235,0.00963733 , 0.00963733 , 0
-0.785855,9.325,0.00930938 , 0.00930938 , 0
-0.785855,9.415,0.00899641 , 0.00899641 , 0
-0.785855,9.505,0.00869773 , 0.00869773 , 0
-0.785855,9.595,0.00841264 , 0.00841264 , 0
-0.785855,9.685,0.0081405 , 0.0081405 , 0
-0.785855,9.775,0.00788068 , 0.00788068 , 0
-0.785855,9.865,0.00763256 , 0.00763256 , 0
-0.785855,9.955,0.00739558 , 0.00739558 , 0
-0.782211,1.045,0.516241 , 0.516241 , 0
-0.782211,1.135,0.440925 , 0.440925 , 0
-0.782211,1.225,0.416523 , 0.416523 , 0
-0.782211,1.315,0.373842 , 0.373842 , 0
-0.782211,1.405,0.338971 , 0.338971 , 0
-0.782211,1.495,0.30468 , 0.30468 , 0
-0.782211,1.585,0.288779 , 0.288779 , 0
-0.782211,1.675,0.253878 , 0.253878 , 0
-0.782211,1.765,0.23635 , 0.23635 , 0
-0.782211,1.855,0.223356 , 0.223356 , 0
-0.782211,1.945,0.20334 , 0.20334 , 0
-0.782211,2.035,0.185148 , 0.185148 , 0
-0.782211,2.125,0.173175 , 0.173175 , 0
-0.782211,2.215,0.163689 , 0.163689 , 0
-0.782211,2.305,0.153013 , 0.153013 , 0
-0.782211,2.395,0.141834 , 0.141834 , 0
-0.782211,2.485,0.131794 , 0.131794 , 0
-0.782211,2.575,0.123192 , 0.123192 , 0
-0.782211,2.665,0.115805 , 0.115805 , 0
-0.782211,2.755,0.109109 , 0.109109 , 0
-0.782211,2.845,0.10272 , 0.10272 , 0
-0.782211,2.935,0.0965976 , 0.0965976 , 0
-0.782211,3.025,0.0910183 , 0.0910183 , 0
-0.782211,3.115,0.0860862 , 0.0860862 , 0
-0.782211,3.205,0.0817102 , 0.0817102 , 0
-0.782211,3.295,0.0777681 , 0.0777681 , 0
-0.782211,3.385,0.0741611 , 0.0741611 , 0
-0.782211,3.475,0.0707235 , 0.0707235 , 0
-0.782211,3.565,0.0673274 , 0.0673274 , 0
-0.782211,3.655,0.0638765 , 0.0638765 , 0
-0.782211,3.745,0.0604695 , 0.0604695 , 0
-0.782211,3.835,0.0571612 , 0.0571612 , 0
-0.782211,3.925,0.0540244 , 0.0540244 , 0
-0.782211,4.015,0.0511025 , 0.0511025 , 0
-0.782211,4.105,0.0484404 , 0.0484404 , 0
-0.782211,4.195,0.046125 , 0.046125 , 0
-0.782211,4.285,0.0441707 , 0.0441707 , 0
-0.782211,4.375,0.0425709 , 0.0425709 , 0
-0.782211,4.465,0.0413017 , 0.0413017 , 0
-0.782211,4.555,0.0402692 , 0.0402692 , 0
-0.782211,4.645,0.0394931 , 0.0394931 , 0
-0.782211,4.735,0.0389257 , 0.0389257 , 0
-0.782211,4.825,0.0385182 , 0.0385182 , 0
-0.782211,4.915,0.0382241 , 0.0382241 , 0
-0.782211,5.005,0.0380017 , 0.0380017 , 0
-0.782211,5.095,0.0377922 , 0.0377922 , 0
-0.782211,5.185,0.0375874 , 0.0375874 , 0
-0.782211,5.275,0.0373651 , 0.0373651 , 0
-0.782211,5.365,0.037107 , 0.037107 , 0
-0.782211,5.455,0.0368001 , 0.0368001 , 0
-0.782211,5.545,0.0364362 , 0.0364362 , 0
-0.782211,5.635,0.0360085 , 0.0360085 , 0
-0.782211,5.725,0.0355023 , 0.0355023 , 0
-0.782211,5.815,0.0349358 , 0.0349358 , 0
-0.782211,5.905,0.0343125 , 0.0343125 , 0
-0.782211,5.995,0.0336372 , 0.0336372 , 0
-0.782211,6.085,0.0329157 , 0.0329157 , 0
-0.782211,6.175,0.0321545 , 0.0321545 , 0
-0.782211,6.265,0.0313601 , 0.0313601 , 0
-0.782211,6.355,0.0305342 , 0.0305342 , 0
-0.782211,6.445,0.0296837 , 0.0296837 , 0
-0.782211,6.535,0.0288198 , 0.0288198 , 0
-0.782211,6.625,0.0279482 , 0.0279482 , 0
-0.782211,6.715,0.0270741 , 0.0270741 , 0
-0.782211,6.805,0.0262022 , 0.0262022 , 0
-0.782211,6.895,0.0253367 , 0.0253367 , 0
-0.782211,6.985,0.0244811 , 0.0244811 , 0
-0.782211,7.075,0.0236388 , 0.0236388 , 0
-0.782211,7.165,0.0228066 , 0.0228066 , 0
-0.782211,7.255,0.0219923 , 0.0219923 , 0
-0.782211,7.345,0.0211982 , 0.0211982 , 0
-0.782211,7.435,0.0204256 , 0.0204256 , 0
-0.782211,7.525,0.0196757 , 0.0196757 , 0
-0.782211,7.615,0.0189493 , 0.0189493 , 0
-0.782211,7.705,0.018247 , 0.018247 , 0
-0.782211,7.795,0.0175691 , 0.0175691 , 0
-0.782211,7.885,0.0169157 , 0.0169157 , 0
-0.782211,7.975,0.0162847 , 0.0162847 , 0
-0.782211,8.065,0.0156743 , 0.0156743 , 0
-0.782211,8.155,0.0150881 , 0.0150881 , 0
-0.782211,8.245,0.0145258 , 0.0145258 , 0
-0.782211,8.335,0.0139868 , 0.0139868 , 0
-0.782211,8.425,0.0134704 , 0.0134704 , 0
-0.782211,8.515,0.0129762 , 0.0129762 , 0
-0.782211,8.605,0.0125033 , 0.0125033 , 0
-0.782211,8.695,0.0120511 , 0.0120511 , 0
-0.782211,8.785,0.0116188 , 0.0116188 , 0
-0.782211,8.875,0.0112057 , 0.0112057 , 0
-0.782211,8.965,0.0108093 , 0.0108093 , 0
-0.782211,9.055,0.0104294 , 0.0104294 , 0
-0.782211,9.145,0.0100668 , 0.0100668 , 0
-0.782211,9.235,0.0097207 , 0.0097207 , 0
-0.782211,9.325,0.00939031 , 0.00939031 , 0
-0.782211,9.415,0.00907493 , 0.00907493 , 0
-0.782211,9.505,0.00877387 , 0.00877387 , 0
-0.782211,9.595,0.00848645 , 0.00848645 , 0
-0.782211,9.685,0.00821203 , 0.00821203 , 0
-0.782211,9.775,0.00794996 , 0.00794996 , 0
-0.782211,9.865,0.00769965 , 0.00769965 , 0
-0.782211,9.955,0.00746052 , 0.00746052 , 0
-0.778567,1.045,0.519657 , 0.519657 , 0
-0.778567,1.135,0.441383 , 0.441383 , 0
-0.778567,1.225,0.412902 , 0.412902 , 0
-0.778567,1.315,0.375478 , 0.375478 , 0
-0.778567,1.405,0.336793 , 0.336793 , 0
-0.778567,1.495,0.305562 , 0.305562 , 0
-0.778567,1.585,0.288282 , 0.288282 , 0
-0.778567,1.675,0.253103 , 0.253103 , 0
-0.778567,1.765,0.2369 , 0.2369 , 0
-0.778567,1.855,0.223561 , 0.223561 , 0
-0.778567,1.945,0.202963 , 0.202963 , 0
-0.778567,2.035,0.185012 , 0.185012 , 0
-0.778567,2.125,0.173472 , 0.173472 , 0
-0.778567,2.215,0.164072 , 0.164072 , 0
-0.778567,2.305,0.15322 , 0.15322 , 0
-0.778567,2.395,0.141883 , 0.141883 , 0
-0.778567,2.485,0.131819 , 0.131819 , 0
-0.778567,2.575,0.123286 , 0.123286 , 0
-0.778567,2.665,0.115987 , 0.115987 , 0
-0.778567,2.755,0.109351 , 0.109351 , 0
-0.778567,2.845,0.102983 , 0.102983 , 0
-0.778567,2.935,0.0968498 , 0.0968498 , 0
-0.778567,3.025,0.0912417 , 0.0912417 , 0
-0.778567,3.115,0.0862753 , 0.0862753 , 0
-0.778567,3.205,0.0818669 , 0.0818669 , 0
-0.778567,3.295,0.0778989 , 0.0778989 , 0
-0.778567,3.385,0.074275 , 0.074275 , 0
-0.778567,3.475,0.0708295 , 0.0708295 , 0
-0.778567,3.565,0.0674332 , 0.0674332 , 0
-0.778567,3.655,0.0639881 , 0.0639881 , 0
-0.778567,3.745,0.0605911 , 0.0605911 , 0
-0.778567,3.835,0.057295 , 0.057295 , 0
-0.778567,3.925,0.0541704 , 0.0541704 , 0
-0.778567,4.015,0.0512595 , 0.0512595 , 0
-0.778567,4.105,0.0486059 , 0.0486059 , 0
-0.778567,4.195,0.0462959 , 0.0462959 , 0
-0.778567,4.285,0.0443437 , 0.0443437 , 0
-0.778567,4.375,0.0427426 , 0.0427426 , 0
-0.778567,4.465,0.041469 , 0.041469 , 0
-0.778567,4.555,0.040429 , 0.040429 , 0
-0.778567,4.645,0.0396435 , 0.0396435 , 0
-0.778567,4.735,0.0390657 , 0.0390657 , 0
-0.778567,4.825,0.0386472 , 0.0386472 , 0
-0.778567,4.915,0.0383423 , 0.0383423 , 0
-0.778567,5.005,0.0381095 , 0.0381095 , 0
-0.778567,5.095,0.0378901 , 0.0378901 , 0
-0.778567,5.185,0.0376765 , 0.0376765 , 0
-0.778567,5.275,0.0374466 , 0.0374466 , 0
-0.778567,5.365,0.0371822 , 0.0371822 , 0
-0.778567,5.455,0.0368704 , 0.0368704 , 0
-0.778567,5.545,0.0365028 , 0.0365028 , 0
-0.778567,5.635,0.0360725 , 0.0360725 , 0
-0.778567,5.725,0.0355641 , 0.0355641 , 0
-0.778567,5.815,0.0349964 , 0.0349964 , 0
-0.778567,5.905,0.0343727 , 0.0343727 , 0
-0.778567,5.995,0.0336978 , 0.0336978 , 0
-0.778567,6.085,0.0329773 , 0.0329773 , 0
-0.778567,6.175,0.0322175 , 0.0322175 , 0
-0.778567,6.265,0.0314249 , 0.0314249 , 0
-0.778567,6.355,0.0306008 , 0.0306008 , 0
-0.778567,6.445,0.0297523 , 0.0297523 , 0
-0.778567,6.535,0.0288905 , 0.0288905 , 0
-0.778567,6.625,0.028021 , 0.028021 , 0
-0.778567,6.715,0.0271489 , 0.0271489 , 0
-0.778567,6.805,0.0262788 , 0.0262788 , 0
-0.778567,6.895,0.025415 , 0.025415 , 0
-0.778567,6.985,0.024561 , 0.024561 , 0
-0.778567,7.075,0.02372 , 0.02372 , 0
-0.778567,7.165,0.0228894 , 0.0228894 , 0
-0.778567,7.255,0.0220765 , 0.0220765 , 0
-0.778567,7.345,0.0212834 , 0.0212834 , 0
-0.778567,7.435,0.0205117 , 0.0205117 , 0
-0.778567,7.525,0.0197624 , 0.0197624 , 0
-0.778567,7.615,0.0190365 , 0.0190365 , 0
-0.778567,7.705,0.0183344 , 0.0183344 , 0
-0.778567,7.795,0.0176564 , 0.0176564 , 0
-0.778567,7.885,0.0170029 , 0.0170029 , 0
-0.778567,7.975,0.0163714 , 0.0163714 , 0
-0.778567,8.065,0.0157602 , 0.0157602 , 0
-0.778567,8.155,0.0151732 , 0.0151732 , 0
-0.778567,8.245,0.0146099 , 0.0146099 , 0
-0.778567,8.335,0.0140697 , 0.0140697 , 0
-0.778567,8.425,0.0135521 , 0.0135521 , 0
-0.778567,8.515,0.0130566 , 0.0130566 , 0
-0.778567,8.605,0.0125823 , 0.0125823 , 0
-0.778567,8.695,0.0121286 , 0.0121286 , 0
-0.778567,8.785,0.0116949 , 0.0116949 , 0
-0.778567,8.875,0.0112802 , 0.0112802 , 0
-0.778567,8.965,0.010882 , 0.010882 , 0
-0.778567,9.055,0.0105004 , 0.0105004 , 0
-0.778567,9.145,0.0101359 , 0.0101359 , 0
-0.778567,9.235,0.00978794 , 0.00978794 , 0
-0.778567,9.325,0.00945574 , 0.00945574 , 0
-0.778567,9.415,0.00913857 , 0.00913857 , 0
-0.778567,9.505,0.00883575 , 0.00883575 , 0
-0.778567,9.595,0.0085466 , 0.0085466 , 0
-0.778567,9.685,0.00827046 , 0.00827046 , 0
-0.778567,9.775,0.00800672 , 0.00800672 , 0
-0.778567,9.865,0.00775477 , 0.00775477 , 0
-0.778567,9.955,0.00751403 , 0.00751403 , 0
-0.774923,1.045,0.522547 , 0.522547 , 0
-0.774923,1.135,0.442678 , 0.442678 , 0
-0.774923,1.225,0.409082 , 0.409082 , 0
-0.774923,1.315,0.377131 , 0.377131 , 0
-0.774923,1.405,0.334593 , 0.334593 , 0
-0.774923,1.495,0.306597 , 0.306597 , 0
-0.774923,1.585,0.287604 , 0.287604 , 0
-0.774923,1.675,0.252413 , 0.252413 , 0
-0.774923,1.765,0.237534 , 0.237534 , 0
-0.774923,1.855,0.223704 , 0.223704 , 0
-0.774923,1.945,0.202543 , 0.202543 , 0
-0.774923,2.035,0.184912 , 0.184912 , 0
-0.774923,2.125,0.173818 , 0.173818 , 0
-0.774923,2.215,0.164463 , 0.164463 , 0
-0.774923,2.305,0.153406 , 0.153406 , 0
-0.774923,2.395,0.141911 , 0.141911 , 0
-0.774923,2.485,0.131842 , 0.131842 , 0
-0.774923,2.575,0.123396 , 0.123396 , 0
-0.774923,2.665,0.116193 , 0.116193 , 0
-0.774923,2.755,0.109613 , 0.109613 , 0
-0.774923,2.845,0.103255 , 0.103255 , 0
-0.774923,2.935,0.0971016 , 0.0971016 , 0
-0.774923,3.025,0.0914581 , 0.0914581 , 0
-0.774923,3.115,0.0864553 , 0.0864553 , 0
-0.774923,3.205,0.0820163 , 0.0820163 , 0
-0.774923,3.295,0.0780267 , 0.0780267 , 0
-0.774923,3.385,0.0743908 , 0.0743908 , 0
-0.774923,3.475,0.0709417 , 0.0709417 , 0
-0.774923,3.565,0.0675485 , 0.0675485 , 0
-0.774923,3.655,0.0641111 , 0.0641111 , 0
-0.774923,3.745,0.0607244 , 0.0607244 , 0
-0.774923,3.835,0.0574394 , 0.0574394 , 0
-0.774923,3.925,0.0543255 , 0.0543255 , 0
-0.774923,4.015,0.0514233 , 0.0514233 , 0
-0.774923,4.105,0.0487759 , 0.0487759 , 0
-0.774923,4.195,0.046469 , 0.046469 , 0
-0.774923,4.285,0.0445168 , 0.0445168 , 0
-0.774923,4.375,0.0429128 , 0.0429128 , 0
-0.774923,4.465,0.0416336 , 0.0416336 , 0
-0.774923,4.555,0.040585 , 0.040585 , 0
-0.774923,4.645,0.0397896 , 0.0397896 , 0
-0.774923,4.735,0.0392012 , 0.0392012 , 0
-0.774923,4.825,0.0387718 , 0.0387718 , 0
-0.774923,4.915,0.0384562 , 0.0384562 , 0
-0.774923,5.005,0.0382133 , 0.0382133 , 0
-0.774923,5.095,0.0379845 , 0.0379845 , 0
-0.774923,5.185,0.0377625 , 0.0377625 , 0
-0.774923,5.275,0.0375255 , 0.0375255 , 0
-0.774923,5.365,0.0372553 , 0.0372553 , 0
-0.774923,5.455,0.036939 , 0.036939 , 0
-0.774923,5.545,0.0365681 , 0.0365681 , 0
-0.774923,5.635,0.0361355 , 0.0361355 , 0
-0.774923,5.725,0.0356251 , 0.0356251 , 0
-0.774923,5.815,0.0350564 , 0.0350564 , 0
-0.774923,5.905,0.0344326 , 0.0344326 , 0
-0.774923,5.995,0.0337582 , 0.0337582 , 0
-0.774923,6.085,0.0330388 , 0.0330388 , 0
-0.774923,6.175,0.0322805 , 0.0322805 , 0
-0.774923,6.265,0.0314897 , 0.0314897 , 0
-0.774923,6.355,0.0306676 , 0.0306676 , 0
-0.774923,6.445,0.0298212 , 0.0298212 , 0
-0.774923,6.535,0.0289614 , 0.0289614 , 0
-0.774923,6.625,0.0280939 , 0.0280939 , 0
-0.774923,6.715,0.0272238 , 0.0272238 , 0
-0.774923,6.805,0.0263556 , 0.0263556 , 0
-0.774923,6.895,0.0254935 , 0.0254935 , 0
-0.774923,6.985,0.024641 , 0.024641 , 0
-0.774923,7.075,0.0238013 , 0.0238013 , 0
-0.774923,7.165,0.0229722 , 0.0229722 , 0
-0.774923,7.255,0.0221606 , 0.0221606 , 0
-0.774923,7.345,0.0213687 , 0.0213687 , 0
-0.774923,7.435,0.0205978 , 0.0205978 , 0
-0.774923,7.525,0.0198492 , 0.0198492 , 0
-0.774923,7.615,0.0191236 , 0.0191236 , 0
-0.774923,7.705,0.0184217 , 0.0184217 , 0
-0.774923,7.795,0.0177438 , 0.0177438 , 0
-0.774923,7.885,0.01709 , 0.01709 , 0
-0.774923,7.975,0.0164581 , 0.0164581 , 0
-0.774923,8.065,0.0158462 , 0.0158462 , 0
-0.774923,8.155,0.0152583 , 0.0152583 , 0
-0.774923,8.245,0.014694 , 0.014694 , 0
-0.774923,8.335,0.0141527 , 0.0141527 , 0
-0.774923,8.425,0.0136339 , 0.0136339 , 0
-0.774923,8.515,0.0131371 , 0.0131371 , 0
-0.774923,8.605,0.0126615 , 0.0126615 , 0
-0.774923,8.695,0.0122064 , 0.0122064 , 0
-0.774923,8.785,0.0117711 , 0.0117711 , 0
-0.774923,8.875,0.0113549 , 0.0113549 , 0
-0.774923,8.965,0.010955 , 0.010955 , 0
-0.774923,9.055,0.0105715 , 0.0105715 , 0
-0.774923,9.145,0.0102052 , 0.0102052 , 0
-0.774923,9.235,0.00985545 , 0.00985545 , 0
-0.774923,9.325,0.00952145 , 0.00952145 , 0
-0.774923,9.415,0.00920251 , 0.00920251 , 0
-0.774923,9.505,0.00889794 , 0.00889794 , 0
-0.774923,9.595,0.00860707 , 0.00860707 , 0
-0.774923,9.685,0.00832924 , 0.00832924 , 0
-0.774923,9.775,0.00806384 , 0.00806384 , 0
-0.774923,9.865,0.00781026 , 0.00781026 , 0
-0.774923,9.955,0.00756792 , 0.00756792 , 0
-0.771279,1.045,0.524649 , 0.524649 , 0
-0.771279,1.135,0.444723 , 0.444723 , 0
-0.771279,1.225,0.405186 , 0.405186 , 0
-0.771279,1.315,0.378715 , 0.378715 , 0
-0.771279,1.405,0.332423 , 0.332423 , 0
-0.771279,1.495,0.307749 , 0.307749 , 0
-0.771279,1.585,0.286744 , 0.286744 , 0
-0.771279,1.675,0.251838 , 0.251838 , 0
-0.771279,1.765,0.238241 , 0.238241 , 0
-0.771279,1.855,0.223768 , 0.223768 , 0
-0.771279,1.945,0.202084 , 0.202084 , 0
-0.771279,2.035,0.184858 , 0.184858 , 0
-0.771279,2.125,0.174211 , 0.174211 , 0
-0.771279,2.215,0.164857 , 0.164857 , 0
-0.771279,2.305,0.153566 , 0.153566 , 0
-0.771279,2.395,0.141919 , 0.141919 , 0
-0.771279,2.485,0.131867 , 0.131867 , 0
-0.771279,2.575,0.123526 , 0.123526 , 0
-0.771279,2.665,0.116423 , 0.116423 , 0
-0.771279,2.755,0.109893 , 0.109893 , 0
-0.771279,2.845,0.103534 , 0.103534 , 0
-0.771279,2.935,0.0973504 , 0.0973504 , 0
-0.771279,3.025,0.0916659 , 0.0916659 , 0
-0.771279,3.115,0.0866258 , 0.0866258 , 0
-0.771279,3.205,0.0821593 , 0.0821593 , 0
-0.771279,3.295,0.0781529 , 0.0781529 , 0
-0.771279,3.385,0.0745104 , 0.0745104 , 0
-0.771279,3.475,0.0710624 , 0.0710624 , 0
-0.771279,3.565,0.0676752 , 0.0676752 , 0
-0.771279,3.655,0.0642469 , 0.0642469 , 0
-0.771279,3.745,0.0608703 , 0.0608703 , 0
-0.771279,3.835,0.0575952 , 0.0575952 , 0
-0.771279,3.925,0.0544898 , 0.0544898 , 0
-0.771279,4.015,0.0515939 , 0.0515939 , 0
-0.771279,4.105,0.0489499 , 0.0489499 , 0
-0.771279,4.195,0.0466437 , 0.0466437 , 0
-0.771279,4.285,0.0446894 , 0.0446894 , 0
-0.771279,4.375,0.0430806 , 0.0430806 , 0
-0.771279,4.465,0.0417945 , 0.0417945 , 0
-0.771279,4.555,0.0407364 , 0.0407364 , 0
-0.771279,4.645,0.0399306 , 0.0399306 , 0
-0.771279,4.735,0.0393313 , 0.0393313 , 0
-0.771279,4.825,0.0388911 , 0.0388911 , 0
-0.771279,4.915,0.038565 , 0.038565 , 0
-0.771279,5.005,0.0383123 , 0.0383123 , 0
-0.771279,5.095,0.0380745 , 0.0380745 , 0
-0.771279,5.185,0.0378447 , 0.0378447 , 0
-0.771279,5.275,0.0376011 , 0.0376011 , 0
-0.771279,5.365,0.0373256 , 0.0373256 , 0
-0.771279,5.455,0.0370052 , 0.0370052 , 0
-0.771279,5.545,0.0366315 , 0.0366315 , 0
-0.771279,5.635,0.0361971 , 0.0361971 , 0
-0.771279,5.725,0.035685 , 0.035685 , 0
-0.771279,5.815,0.0351155 , 0.0351155 , 0
-0.771279,5.905,0.0344918 , 0.0344918 , 0
-0.771279,5.995,0.0338181 , 0.0338181 , 0
-0.771279,6.085,0.0331 , 0.0331 , 0
-0.771279,6.175,0.0323433 , 0.0323433 , 0
-0.771279,6.265,0.0315544 , 0.0315544 , 0
-0.771279,6.355,0.0307344 , 0.0307344 , 0
-0.771279,6.445,0.02989 , 0.02989 , 0
-0.771279,6.535,0.0290324 , 0.0290324 , 0
-0.771279,6.625,0.028167 , 0.028167 , 0
-0.771279,6.715,0.0272988 , 0.0272988 , 0
-0.771279,6.805,0.0264325 , 0.0264325 , 0
-0.771279,6.895,0.025572 , 0.025572 , 0
-0.771279,6.985,0.0247211 , 0.0247211 , 0
-0.771279,7.075,0.0238828 , 0.0238828 , 0
-0.771279,7.165,0.0230552 , 0.0230552 , 0
-0.771279,7.255,0.0222449 , 0.0222449 , 0
-0.771279,7.345,0.0214541 , 0.0214541 , 0
-0.771279,7.435,0.0206841 , 0.0206841 , 0
-0.771279,7.525,0.0199361 , 0.0199361 , 0
-0.771279,7.615,0.0192109 , 0.0192109 , 0
-0.771279,7.705,0.0185092 , 0.0185092 , 0
-0.771279,7.795,0.0178313 , 0.0178313 , 0
-0.771279,7.885,0.0171774 , 0.0171774 , 0
-0.771279,7.975,0.0165451 , 0.0165451 , 0
-0.771279,8.065,0.0159324 , 0.0159324 , 0
-0.771279,8.155,0.0153437 , 0.0153437 , 0
-0.771279,8.245,0.0147784 , 0.0147784 , 0
-0.771279,8.335,0.014236 , 0.014236 , 0
-0.771279,8.425,0.0137161 , 0.0137161 , 0
-0.771279,8.515,0.0132179 , 0.0132179 , 0
-0.771279,8.605,0.012741 , 0.012741 , 0
-0.771279,8.695,0.0122845 , 0.0122845 , 0
-0.771279,8.785,0.0118478 , 0.0118478 , 0
-0.771279,8.875,0.0114301 , 0.0114301 , 0
-0.771279,8.965,0.0110285 , 0.0110285 , 0
-0.771279,9.055,0.0106431 , 0.0106431 , 0
-0.771279,9.145,0.010275 , 0.010275 , 0
-0.771279,9.235,0.00992345 , 0.00992345 , 0
-0.771279,9.325,0.00958767 , 0.00958767 , 0
-0.771279,9.415,0.00926697 , 0.00926697 , 0
-0.771279,9.505,0.00896065 , 0.00896065 , 0
-0.771279,9.595,0.00866806 , 0.00866806 , 0
-0.771279,9.685,0.00838855 , 0.00838855 , 0
-0.771279,9.775,0.00812149 , 0.00812149 , 0
-0.771279,9.865,0.00786629 , 0.00786629 , 0
-0.771279,9.955,0.00762237 , 0.00762237 , 0
-0.767635,1.045,0.525744 , 0.525744 , 0
-0.767635,1.135,0.447376 , 0.447376 , 0
-0.767635,1.225,0.401369 , 0.401369 , 0
-0.767635,1.315,0.380137 , 0.380137 , 0
-0.767635,1.405,0.330341 , 0.330341 , 0
-0.767635,1.495,0.30898 , 0.30898 , 0
-0.767635,1.585,0.285714 , 0.285714 , 0
-0.767635,1.675,0.251408 , 0.251408 , 0
-0.767635,1.765,0.239003 , 0.239003 , 0
-0.767635,1.855,0.223738 , 0.223738 , 0
-0.767635,1.945,0.201595 , 0.201595 , 0
-0.767635,2.035,0.184861 , 0.184861 , 0
-0.767635,2.125,0.174653 , 0.174653 , 0
-0.767635,2.215,0.165249 , 0.165249 , 0
-0.767635,2.305,0.153697 , 0.153697 , 0
-0.767635,2.395,0.141909 , 0.141909 , 0
-0.767635,2.485,0.131897 , 0.131897 , 0
-0.767635,2.575,0.123677 , 0.123677 , 0
-0.767635,2.665,0.116677 , 0.116677 , 0
-0.767635,2.755,0.110188 , 0.110188 , 0
-0.767635,2.845,0.103817 , 0.103817 , 0
-0.767635,2.935,0.0975934 , 0.0975934 , 0
-0.767635,3.025,0.0918635 , 0.0918635 , 0
-0.767635,3.115,0.0867869 , 0.0867869 , 0
-0.767635,3.205,0.0822971 , 0.0822971 , 0
-0.767635,3.295,0.0782799 , 0.0782799 , 0
-0.767635,3.385,0.0746366 , 0.0746366 , 0
-0.767635,3.475,0.0711942 , 0.0711942 , 0
-0.767635,3.565,0.0678159 , 0.0678159 , 0
-0.767635,3.655,0.0643975 , 0.0643975 , 0
-0.767635,3.745,0.0610304 , 0.0610304 , 0
-0.767635,3.835,0.0577633 , 0.0577633 , 0
-0.767635,3.925,0.0546638 , 0.0546638 , 0
-0.767635,4.015,0.0517711 , 0.0517711 , 0
-0.767635,4.105,0.0491277 , 0.0491277 , 0
-0.767635,4.195,0.0468194 , 0.0468194 , 0
-0.767635,4.285,0.0448606 , 0.0448606 , 0
-0.767635,4.375,0.0432452 , 0.0432452 , 0
-0.767635,4.465,0.0419506 , 0.0419506 , 0
-0.767635,4.555,0.0408821 , 0.0408821 , 0
-0.767635,4.645,0.0400653 , 0.0400653 , 0
-0.767635,4.735,0.0394548 , 0.0394548 , 0
-0.767635,4.825,0.0390038 , 0.0390038 , 0
-0.767635,4.915,0.0386674 , 0.0386674 , 0
-0.767635,5.005,0.0384054 , 0.0384054 , 0
-0.767635,5.095,0.0381591 , 0.0381591 , 0
-0.767635,5.185,0.0379219 , 0.0379219 , 0
-0.767635,5.275,0.0376723 , 0.0376723 , 0
-0.767635,5.365,0.0373921 , 0.0373921 , 0
-0.767635,5.455,0.0370682 , 0.0370682 , 0
-0.767635,5.545,0.0366921 , 0.0366921 , 0
-0.767635,5.635,0.0362563 , 0.0362563 , 0
-0.767635,5.725,0.0357429 , 0.0357429 , 0
-0.767635,5.815,0.0351731 , 0.0351731 , 0
-0.767635,5.905,0.0345498 , 0.0345498 , 0
-0.767635,5.995,0.0338771 , 0.0338771 , 0
-0.767635,6.085,0.0331605 , 0.0331605 , 0
-0.767635,6.175,0.0324057 , 0.0324057 , 0
-0.767635,6.265,0.0316188 , 0.0316188 , 0
-0.767635,6.355,0.030801 , 0.030801 , 0
-0.767635,6.445,0.0299588 , 0.0299588 , 0
-0.767635,6.535,0.0291034 , 0.0291034 , 0
-0.767635,6.625,0.0282401 , 0.0282401 , 0
-0.767635,6.715,0.027374 , 0.027374 , 0
-0.767635,6.805,0.0265096 , 0.0265096 , 0
-0.767635,6.895,0.0256509 , 0.0256509 , 0
-0.767635,6.985,0.0248015 , 0.0248015 , 0
-0.767635,7.075,0.0239646 , 0.0239646 , 0
-0.767635,7.165,0.0231386 , 0.0231386 , 0
-0.767635,7.255,0.0223297 , 0.0223297 , 0
-0.767635,7.345,0.0215399 , 0.0215399 , 0
-0.767635,7.435,0.0207708 , 0.0207708 , 0
-0.767635,7.525,0.0200235 , 0.0200235 , 0
-0.767635,7.615,0.0192988 , 0.0192988 , 0
-0.767635,7.705,0.0185973 , 0.0185973 , 0
-0.767635,7.795,0.0179194 , 0.0179194 , 0
-0.767635,7.885,0.0172654 , 0.0172654 , 0
-0.767635,7.975,0.0166327 , 0.0166327 , 0
-0.767635,8.065,0.0160194 , 0.0160194 , 0
-0.767635,8.155,0.0154298 , 0.0154298 , 0
-0.767635,8.245,0.0148635 , 0.0148635 , 0
-0.767635,8.335,0.0143201 , 0.0143201 , 0
-0.767635,8.425,0.013799 , 0.013799 , 0
-0.767635,8.515,0.0132996 , 0.0132996 , 0
-0.767635,8.605,0.0128213 , 0.0128213 , 0
-0.767635,8.695,0.0123634 , 0.0123634 , 0
-0.767635,8.785,0.0119252 , 0.0119252 , 0
-0.767635,8.875,0.0115061 , 0.0115061 , 0
-0.767635,8.965,0.0111027 , 0.0111027 , 0
-0.767635,9.055,0.0107156 , 0.0107156 , 0
-0.767635,9.145,0.0103457 , 0.0103457 , 0
-0.767635,9.235,0.00999231 , 0.00999231 , 0
-0.767635,9.325,0.00965474 , 0.00965474 , 0
-0.767635,9.415,0.00933227 , 0.00933227 , 0
-0.767635,9.505,0.00902422 , 0.00902422 , 0
-0.767635,9.595,0.00872992 , 0.00872992 , 0
-0.767635,9.685,0.00844872 , 0.00844872 , 0
-0.767635,9.775,0.00818 , 0.00818 , 0
-0.767635,9.865,0.00792317 , 0.00792317 , 0
-0.767635,9.955,0.00767766 , 0.00767766 , 0
-0.763991,1.045,0.525648 , 0.525648 , 0
-0.763991,1.135,0.450448 , 0.450448 , 0
-0.763991,1.225,0.397813 , 0.397813 , 0
-0.763991,1.315,0.38129 , 0.38129 , 0
-0.763991,1.405,0.328404 , 0.328404 , 0
-0.763991,1.495,0.310244 , 0.310244 , 0
-0.763991,1.585,0.284537 , 0.284537 , 0
-0.763991,1.675,0.251147 , 0.251147 , 0
-0.763991,1.765,0.239798 , 0.239798 , 0
-0.763991,1.855,0.223602 , 0.223602 , 0
-0.763991,1.945,0.201088 , 0.201088 , 0
-0.763991,2.035,0.184931 , 0.184931 , 0
-0.763991,2.125,0.175143 , 0.175143 , 0
-0.763991,2.215,0.165632 , 0.165632 , 0
-0.763991,2.305,0.153798 , 0.153798 , 0
-0.763991,2.395,0.141883 , 0.141883 , 0
-0.763991,2.485,0.131937 , 0.131937 , 0
-0.763991,2.575,0.123853 , 0.123853 , 0
-0.763991,2.665,0.116954 , 0.116954 , 0
-0.763991,2.755,0.110497 , 0.110497 , 0
-0.763991,2.845,0.104101 , 0.104101 , 0
-0.763991,2.935,0.0978283 , 0.0978283 , 0
-0.763991,3.025,0.0920501 , 0.0920501 , 0
-0.763991,3.115,0.0869395 , 0.0869395 , 0
-0.763991,3.205,0.0824321 , 0.0824321 , 0
-0.763991,3.295,0.078411 , 0.078411 , 0
-0.763991,3.385,0.0747732 , 0.0747732 , 0
-0.763991,3.475,0.0713409 , 0.0713409 , 0
-0.763991,3.565,0.067974 , 0.067974 , 0
-0.763991,3.655,0.0645659 , 0.0645659 , 0
-0.763991,3.745,0.061207 , 0.061207 , 0
-0.763991,3.835,0.0579454 , 0.0579454 , 0
-0.763991,3.925,0.0548484 , 0.0548484 , 0
-0.763991,4.015,0.0519554 , 0.0519554 , 0
-0.763991,4.105,0.049309 , 0.049309 , 0
-0.763991,4.195,0.0469954 , 0.0469954 , 0
-0.763991,4.285,0.0450292 , 0.0450292 , 0
-0.763991,4.375,0.043405 , 0.043405 , 0
-0.763991,4.465,0.0421003 , 0.0421003 , 0
-0.763991,4.555,0.0410201 , 0.0410201 , 0
-0.763991,4.645,0.0401915 , 0.0401915 , 0
-0.763991,4.735,0.0395695 , 0.0395695 , 0
-0.763991,4.825,0.0391075 , 0.0391075 , 0
-0.763991,4.915,0.0387612 , 0.0387612 , 0
-0.763991,5.005,0.0384902 , 0.0384902 , 0
-0.763991,5.095,0.0382359 , 0.0382359 , 0
-0.763991,5.185,0.037992 , 0.037992 , 0
-0.763991,5.275,0.037737 , 0.037737 , 0
-0.763991,5.365,0.0374527 , 0.0374527 , 0
-0.763991,5.455,0.037126 , 0.037126 , 0
-0.763991,5.545,0.0367482 , 0.0367482 , 0
-0.763991,5.635,0.0363116 , 0.0363116 , 0
-0.763991,5.725,0.0357976 , 0.0357976 , 0
-0.763991,5.815,0.035228 , 0.035228 , 0
-0.763991,5.905,0.0346055 , 0.0346055 , 0
-0.763991,5.995,0.0339343 , 0.0339343 , 0
-0.763991,6.085,0.0332195 , 0.0332195 , 0
-0.763991,6.175,0.0324669 , 0.0324669 , 0
-0.763991,6.265,0.0316825 , 0.0316825 , 0
-0.763991,6.355,0.0308671 , 0.0308671 , 0
-0.763991,6.445,0.0300274 , 0.0300274 , 0
-0.763991,6.535,0.0291744 , 0.0291744 , 0
-0.763991,6.625,0.0283135 , 0.0283135 , 0
-0.763991,6.715,0.0274496 , 0.0274496 , 0
-0.763991,6.805,0.0265873 , 0.0265873 , 0
-0.763991,6.895,0.0257305 , 0.0257305 , 0
-0.763991,6.985,0.0248828 , 0.0248828 , 0
-0.763991,7.075,0.0240473 , 0.0240473 , 0
-0.763991,7.165,0.023223 , 0.023223 , 0
-0.763991,7.255,0.0224155 , 0.0224155 , 0
-0.763991,7.345,0.021627 , 0.021627 , 0
-0.763991,7.435,0.0208588 , 0.0208588 , 0
-0.763991,7.525,0.0201122 , 0.0201122 , 0
-0.763991,7.615,0.019388 , 0.019388 , 0
-0.763991,7.705,0.0186868 , 0.0186868 , 0
-0.763991,7.795,0.018009 , 0.018009 , 0
-0.763991,7.885,0.0173548 , 0.0173548 , 0
-0.763991,7.975,0.0167217 , 0.0167217 , 0
-0.763991,8.065,0.0161078 , 0.0161078 , 0
-0.763991,8.155,0.0155174 , 0.0155174 , 0
-0.763991,8.245,0.0149502 , 0.0149502 , 0
-0.763991,8.335,0.0144057 , 0.0144057 , 0
-0.763991,8.425,0.0138834 , 0.0138834 , 0
-0.763991,8.515,0.0133828 , 0.0133828 , 0
-0.763991,8.605,0.0129032 , 0.0129032 , 0
-0.763991,8.695,0.0124439 , 0.0124439 , 0
-0.763991,8.785,0.0120043 , 0.0120043 , 0
-0.763991,8.875,0.0115836 , 0.0115836 , 0
-0.763991,8.965,0.0111786 , 0.0111786 , 0
-0.763991,9.055,0.0107896 , 0.0107896 , 0
-0.763991,9.145,0.0104179 , 0.0104179 , 0
-0.763991,9.235,0.0100627 , 0.0100627 , 0
-0.763991,9.325,0.00972334 , 0.00972334 , 0
-0.763991,9.415,0.00939909 , 0.00939909 , 0
-0.763991,9.505,0.00908928 , 0.00908928 , 0
-0.763991,9.595,0.00879324 , 0.00879324 , 0
-0.763991,9.685,0.00851033 , 0.00851033 , 0
-0.763991,9.775,0.00823994 , 0.00823994 , 0
-0.763991,9.865,0.00798146 , 0.00798146 , 0
-0.763991,9.955,0.00773433 , 0.00773433 , 0
-0.760347,1.045,0.524198 , 0.524198 , 0
-0.760347,1.135,0.453726 , 0.453726 , 0
-0.760347,1.225,0.394717 , 0.394717 , 0
-0.760347,1.315,0.382062 , 0.382062 , 0
-0.760347,1.405,0.326676 , 0.326676 , 0
-0.760347,1.495,0.311501 , 0.311501 , 0
-0.760347,1.585,0.283247 , 0.283247 , 0
-0.760347,1.675,0.251076 , 0.251076 , 0
-0.760347,1.765,0.240598 , 0.240598 , 0
-0.760347,1.855,0.223352 , 0.223352 , 0
-0.760347,1.945,0.200582 , 0.200582 , 0
-0.760347,2.035,0.185084 , 0.185084 , 0
-0.760347,2.125,0.17568 , 0.17568 , 0
-0.760347,2.215,0.166002 , 0.166002 , 0
-0.760347,2.305,0.153866 , 0.153866 , 0
-0.760347,2.395,0.141843 , 0.141843 , 0
-0.760347,2.485,0.131989 , 0.131989 , 0
-0.760347,2.575,0.124054 , 0.124054 , 0
-0.760347,2.665,0.117253 , 0.117253 , 0
-0.760347,2.755,0.110815 , 0.110815 , 0
-0.760347,2.845,0.104381 , 0.104381 , 0
-0.760347,2.935,0.0980533 , 0.0980533 , 0
-0.760347,3.025,0.0922264 , 0.0922264 , 0
-0.760347,3.115,0.0870864 , 0.0870864 , 0
-0.760347,3.205,0.0825692 , 0.0825692 , 0
-0.760347,3.295,0.0785524 , 0.0785524 , 0
-0.760347,3.385,0.074927 , 0.074927 , 0
-0.760347,3.475,0.0715095 , 0.0715095 , 0
-0.760347,3.565,0.0681561 , 0.0681561 , 0
-0.760347,3.655,0.0647581 , 0.0647581 , 0
-0.760347,3.745,0.0614051 , 0.0614051 , 0
-0.760347,3.835,0.0581453 , 0.0581453 , 0
-0.760347,3.925,0.0550464 , 0.0550464 , 0
-0.760347,4.015,0.0521483 , 0.0521483 , 0
-0.760347,4.105,0.0494941 , 0.0494941 , 0
-0.760347,4.195,0.0471709 , 0.0471709 , 0
-0.760347,4.285,0.0451936 , 0.0451936 , 0
-0.760347,4.375,0.0435573 , 0.0435573 , 0
-0.760347,4.465,0.04224 , 0.04224 , 0
-0.760347,4.555,0.0411463 , 0.0411463 , 0
-0.760347,4.645,0.0403046 , 0.0403046 , 0
-0.760347,4.735,0.0396703 , 0.0396703 , 0
-0.760347,4.825,0.0391971 , 0.0391971 , 0
-0.760347,4.915,0.0388409 , 0.0388409 , 0
-0.760347,5.005,0.0385613 , 0.0385613 , 0
-0.760347,5.095,0.0382996 , 0.0382996 , 0
-0.760347,5.185,0.0380499 , 0.0380499 , 0
-0.760347,5.275,0.0377904 , 0.0377904 , 0
-0.760347,5.365,0.037503 , 0.037503 , 0
-0.760347,5.455,0.0371745 , 0.0371745 , 0
-0.760347,5.545,0.0367961 , 0.0367961 , 0
-0.760347,5.635,0.0363597 , 0.0363597 , 0
-0.760347,5.725,0.035846 , 0.035846 , 0
-0.760347,5.815,0.0352775 , 0.0352775 , 0
-0.760347,5.905,0.0346568 , 0.0346568 , 0
-0.760347,5.995,0.0339879 , 0.0339879 , 0
-0.760347,6.085,0.0332758 , 0.0332758 , 0
-0.760347,6.175,0.0325262 , 0.0325262 , 0
-0.760347,6.265,0.0317448 , 0.0317448 , 0
-0.760347,6.355,0.0309325 , 0.0309325 , 0
-0.760347,6.445,0.0300958 , 0.0300958 , 0
-0.760347,6.535,0.0292458 , 0.0292458 , 0
-0.760347,6.625,0.0283876 , 0.0283876 , 0
-0.760347,6.715,0.0275264 , 0.0275264 , 0
-0.760347,6.805,0.0266665 , 0.0266665 , 0
-0.760347,6.895,0.0258119 , 0.0258119 , 0
-0.760347,6.985,0.0249662 , 0.0249662 , 0
-0.760347,7.075,0.0241324 , 0.0241324 , 0
-0.760347,7.165,0.02331 , 0.02331 , 0
-0.760347,7.255,0.0225042 , 0.0225042 , 0
-0.760347,7.345,0.021717 , 0.021717 , 0
-0.760347,7.435,0.0209499 , 0.0209499 , 0
-0.760347,7.525,0.0202042 , 0.0202042 , 0
-0.760347,7.615,0.0194805 , 0.0194805 , 0
-0.760347,7.705,0.0187797 , 0.0187797 , 0
-0.760347,7.795,0.0181021 , 0.0181021 , 0
-0.760347,7.885,0.0174478 , 0.0174478 , 0
-0.760347,7.975,0.0168144 , 0.0168144 , 0
-0.760347,8.065,0.0161998 , 0.0161998 , 0
-0.760347,8.155,0.0156086 , 0.0156086 , 0
-0.760347,8.245,0.0150404 , 0.0150404 , 0
-0.760347,8.335,0.0144949 , 0.0144949 , 0
-0.760347,8.425,0.0139715 , 0.0139715 , 0
-0.760347,8.515,0.0134696 , 0.0134696 , 0
-0.760347,8.605,0.0129886 , 0.0129886 , 0
-0.760347,8.695,0.0125279 , 0.0125279 , 0
-0.760347,8.785,0.0120868 , 0.0120868 , 0
-0.760347,8.875,0.0116646 , 0.0116646 , 0
-0.760347,8.965,0.0112578 , 0.0112578 , 0
-0.760347,9.055,0.0108669 , 0.0108669 , 0
-0.760347,9.145,0.0104933 , 0.0104933 , 0
-0.760347,9.235,0.0101362 , 0.0101362 , 0
-0.760347,9.325,0.00979501 , 0.00979501 , 0
-0.760347,9.415,0.00946892 , 0.00946892 , 0
-0.760347,9.505,0.00915728 , 0.00915728 , 0
-0.760347,9.595,0.00885944 , 0.00885944 , 0
-0.760347,9.685,0.00857476 , 0.00857476 , 0
-0.760347,9.775,0.00830262 , 0.00830262 , 0
-0.760347,9.865,0.00804243 , 0.00804243 , 0
-0.760347,9.955,0.00779361 , 0.00779361 , 0
-0.756703,1.045,0.52127 , 0.52127 , 0
-0.756703,1.135,0.457013 , 0.457013 , 0
-0.756703,1.225,0.392304 , 0.392304 , 0
-0.756703,1.315,0.382347 , 0.382347 , 0
-0.756703,1.405,0.325255 , 0.325255 , 0
-0.756703,1.495,0.312716 , 0.312716 , 0
-0.756703,1.585,0.281898 , 0.281898 , 0
-0.756703,1.675,0.251212 , 0.251212 , 0
-0.756703,1.765,0.24137 , 0.24137 , 0
-0.756703,1.855,0.222997 , 0.222997 , 0
-0.756703,1.945,0.200117 , 0.200117 , 0
-0.756703,2.035,0.18535 , 0.18535 , 0
-0.756703,2.125,0.176276 , 0.176276 , 0
-0.756703,2.215,0.16636 , 0.16636 , 0
-0.756703,2.305,0.153903 , 0.153903 , 0
-0.756703,2.395,0.141791 , 0.141791 , 0
-0.756703,2.485,0.132052 , 0.132052 , 0
-0.756703,2.575,0.124276 , 0.124276 , 0
-0.756703,2.665,0.117568 , 0.117568 , 0
-0.756703,2.755,0.111137 , 0.111137 , 0
-0.756703,2.845,0.104657 , 0.104657 , 0
-0.756703,2.935,0.0982692 , 0.0982692 , 0
-0.756703,3.025,0.0923973 , 0.0923973 , 0
-0.756703,3.115,0.0872375 , 0.0872375 , 0
-0.756703,3.205,0.0827227 , 0.0827227 , 0
-0.756703,3.295,0.0787222 , 0.0787222 , 0
-0.756703,3.385,0.0751191 , 0.0751191 , 0
-0.756703,3.475,0.071723 , 0.071723 , 0
-0.756703,3.565,0.0683857 , 0.0683857 , 0
-0.756703,3.655,0.0649966 , 0.0649966 , 0
-0.756703,3.745,0.0616453 , 0.0616453 , 0
-0.756703,3.835,0.0583805 , 0.0583805 , 0
-0.756703,3.925,0.0552714 , 0.0552714 , 0
-0.756703,4.015,0.0523589 , 0.0523589 , 0
-0.756703,4.105,0.0496876 , 0.0496876 , 0
-0.756703,4.195,0.0473455 , 0.0473455 , 0
-0.756703,4.285,0.0453488 , 0.0453488 , 0
-0.756703,4.375,0.0436929 , 0.0436929 , 0
-0.756703,4.465,0.0423568 , 0.0423568 , 0
-0.756703,4.555,0.0412445 , 0.0412445 , 0
-0.756703,4.645,0.040386 , 0.040386 , 0
-0.756703,4.735,0.0397368 , 0.0397368 , 0
-0.756703,4.825,0.0392509 , 0.0392509 , 0
-0.756703,4.915,0.0388841 , 0.0388841 , 0
-0.756703,5.005,0.0385962 , 0.0385962 , 0
-0.756703,5.095,0.0383281 , 0.0383281 , 0
-0.756703,5.185,0.0380739 , 0.0380739 , 0
-0.756703,5.275,0.037812 , 0.037812 , 0
-0.756703,5.365,0.0375239 , 0.0375239 , 0
-0.756703,5.455,0.0371961 , 0.0371961 , 0
-0.756703,5.545,0.0368198 , 0.0368198 , 0
-0.756703,5.635,0.0363864 , 0.0363864 , 0
-0.756703,5.725,0.0358759 , 0.0358759 , 0
-0.756703,5.815,0.0353113 , 0.0353113 , 0
-0.756703,5.905,0.0346951 , 0.0346951 , 0
-0.756703,5.995,0.0340311 , 0.0340311 , 0
-0.756703,6.085,0.0333242 , 0.0333242 , 0
-0.756703,6.175,0.0325798 , 0.0325798 , 0
-0.756703,6.265,0.0318037 , 0.0318037 , 0
-0.756703,6.355,0.0309966 , 0.0309966 , 0
-0.756703,6.445,0.0301647 , 0.0301647 , 0
-0.756703,6.535,0.0293193 , 0.0293193 , 0
-0.756703,6.625,0.0284656 , 0.0284656 , 0
-0.756703,6.715,0.0276083 , 0.0276083 , 0
-0.756703,6.805,0.0267521 , 0.0267521 , 0
-0.756703,6.895,0.0259008 , 0.0259008 , 0
-0.756703,6.985,0.025058 , 0.025058 , 0
-0.756703,7.075,0.0242268 , 0.0242268 , 0
-0.756703,7.165,0.0234069 , 0.0234069 , 0
-0.756703,7.255,0.0226034 , 0.0226034 , 0
-0.756703,7.345,0.0218181 , 0.0218181 , 0
-0.756703,7.435,0.0210525 , 0.0210525 , 0
-0.756703,7.525,0.0203079 , 0.0203079 , 0
-0.756703,7.615,0.0195851 , 0.0195851 , 0
-0.756703,7.705,0.0188849 , 0.0188849 , 0
-0.756703,7.795,0.0182075 , 0.0182075 , 0
-0.756703,7.885,0.0175532 , 0.0175532 , 0
-0.756703,7.975,0.0169195 , 0.0169195 , 0
-0.756703,8.065,0.0163042 , 0.0163042 , 0
-0.756703,8.155,0.0157121 , 0.0157121 , 0
-0.756703,8.245,0.0151429 , 0.0151429 , 0
-0.756703,8.335,0.0145962 , 0.0145962 , 0
-0.756703,8.425,0.0140715 , 0.0140715 , 0
-0.756703,8.515,0.0135681 , 0.0135681 , 0
-0.756703,8.605,0.0130856 , 0.0130856 , 0
-0.756703,8.695,0.0126233 , 0.0126233 , 0
-0.756703,8.785,0.0121805 , 0.0121805 , 0
-0.756703,8.875,0.0117565 , 0.0117565 , 0
-0.756703,8.965,0.0113477 , 0.0113477 , 0
-0.756703,9.055,0.0109546 , 0.0109546 , 0
-0.756703,9.145,0.0105789 , 0.0105789 , 0
-0.756703,9.235,0.0102196 , 0.0102196 , 0
-0.756703,9.325,0.00987628 , 0.00987628 , 0
-0.756703,9.415,0.00954806 , 0.00954806 , 0
-0.756703,9.505,0.00923432 , 0.00923432 , 0
-0.756703,9.595,0.0089344 , 0.0089344 , 0
-0.756703,9.685,0.00864768 , 0.00864768 , 0
-0.756703,9.775,0.00837352 , 0.00837352 , 0
-0.756703,9.865,0.00811135 , 0.00811135 , 0
-0.756703,9.955,0.00786059 , 0.00786059 , 0
-0.753059,1.045,0.516855 , 0.516855 , 0
-0.753059,1.135,0.460075 , 0.460075 , 0
-0.753059,1.225,0.390499 , 0.390499 , 0
-0.753059,1.315,0.38209 , 0.38209 , 0
-0.753059,1.405,0.324208 , 0.324208 , 0
-0.753059,1.495,0.313799 , 0.313799 , 0
-0.753059,1.585,0.280423 , 0.280423 , 0
-0.753059,1.675,0.251502 , 0.251502 , 0
-0.753059,1.765,0.242087 , 0.242087 , 0
-0.753059,1.855,0.222547 , 0.222547 , 0
-0.753059,1.945,0.199709 , 0.199709 , 0
-0.753059,2.035,0.185717 , 0.185717 , 0
-0.753059,2.125,0.176893 , 0.176893 , 0
-0.753059,2.215,0.166667 , 0.166667 , 0
-0.753059,2.305,0.15388 , 0.15388 , 0
-0.753059,2.395,0.141713 , 0.141713 , 0
-0.753059,2.485,0.132125 , 0.132125 , 0
-0.753059,2.575,0.12452 , 0.12452 , 0
-0.753059,2.665,0.117899 , 0.117899 , 0
-0.753059,2.755,0.111462 , 0.111462 , 0
-0.753059,2.845,0.104925 , 0.104925 , 0
-0.753059,2.935,0.0984747 , 0.0984747 , 0
-0.753059,3.025,0.0925605 , 0.0925605 , 0
-0.753059,3.115,0.0873869 , 0.0873869 , 0
-0.753059,3.205,0.0828811 , 0.0828811 , 0
-0.753059,3.295,0.0789022 , 0.0789022 , 0
-0.753059,3.385,0.0753243 , 0.0753243 , 0
-0.753059,3.475,0.0719497 , 0.0719497 , 0
-0.753059,3.565,0.0686267 , 0.0686267 , 0
-0.753059,3.655,0.0652434 , 0.0652434 , 0
-0.753059,3.745,0.0618901 , 0.0618901 , 0
-0.753059,3.835,0.0586171 , 0.0586171 , 0
-0.753059,3.925,0.0554949 , 0.0554949 , 0
-0.753059,4.015,0.0525662 , 0.0525662 , 0
-0.753059,4.105,0.0498767 , 0.0498767 , 0
-0.753059,4.195,0.0475156 , 0.0475156 , 0
-0.753059,4.285,0.0454999 , 0.0454999 , 0
-0.753059,4.375,0.0438256 , 0.0438256 , 0
-0.753059,4.465,0.042472 , 0.042472 , 0
-0.753059,4.555,0.0413427 , 0.0413427 , 0
-0.753059,4.645,0.0404687 , 0.0404687 , 0
-0.753059,4.735,0.0398061 , 0.0398061 , 0
-0.753059,4.825,0.0393086 , 0.0393086 , 0
-0.753059,4.915,0.0389321 , 0.0389321 , 0
-0.753059,5.005,0.0386367 , 0.0386367 , 0
-0.753059,5.095,0.0383625 , 0.0383625 , 0
-0.753059,5.185,0.0381041 , 0.0381041 , 0
-0.753059,5.275,0.0378396 , 0.0378396 , 0
-0.753059,5.365,0.0375504 , 0.0375504 , 0
-0.753059,5.455,0.0372229 , 0.0372229 , 0
-0.753059,5.545,0.0368481 , 0.0368481 , 0
-0.753059,5.635,0.036417 , 0.036417 , 0
-0.753059,5.725,0.0359088 , 0.0359088 , 0
-0.753059,5.815,0.0353473 , 0.0353473 , 0
-0.753059,5.905,0.0347348 , 0.0347348 , 0
-0.753059,5.995,0.0340749 , 0.0340749 , 0
-0.753059,6.085,0.0333723 , 0.0333723 , 0
-0.753059,6.175,0.0326324 , 0.0326324 , 0
-0.753059,6.265,0.0318608 , 0.0318608 , 0
-0.753059,6.355,0.0310581 , 0.0310581 , 0
-0.753059,6.445,0.0302305 , 0.0302305 , 0
-0.753059,6.535,0.0293892 , 0.0293892 , 0
-0.753059,6.625,0.0285392 , 0.0285392 , 0
-0.753059,6.715,0.0276856 , 0.0276856 , 0
-0.753059,6.805,0.0268327 , 0.0268327 , 0
-0.753059,6.895,0.0259844 , 0.0259844 , 0
-0.753059,6.985,0.0251442 , 0.0251442 , 0
-0.753059,7.075,0.0243153 , 0.0243153 , 0
-0.753059,7.165,0.023498 , 0.023498 , 0
-0.753059,7.255,0.0226966 , 0.0226966 , 0
-0.753059,7.345,0.0219131 , 0.0219131 , 0
-0.753059,7.435,0.0211491 , 0.0211491 , 0
-0.753059,7.525,0.0204056 , 0.0204056 , 0
-0.753059,7.615,0.0196838 , 0.0196838 , 0
-0.753059,7.705,0.0189841 , 0.0189841 , 0
-0.753059,7.795,0.0183071 , 0.0183071 , 0
-0.753059,7.885,0.0176529 , 0.0176529 , 0
-0.753059,7.975,0.017019 , 0.017019 , 0
-0.753059,8.065,0.0164032 , 0.0164032 , 0
-0.753059,8.155,0.0158105 , 0.0158105 , 0
-0.753059,8.245,0.0152404 , 0.0152404 , 0
-0.753059,8.335,0.0146927 , 0.0146927 , 0
-0.753059,8.425,0.0141668 , 0.0141668 , 0
-0.753059,8.515,0.0136622 , 0.0136622 , 0
-0.753059,8.605,0.0131783 , 0.0131783 , 0
-0.753059,8.695,0.0127146 , 0.0127146 , 0
-0.753059,8.785,0.0122702 , 0.0122702 , 0
-0.753059,8.875,0.0118447 , 0.0118447 , 0
-0.753059,8.965,0.011434 , 0.011434 , 0
-0.753059,9.055,0.011039 , 0.011039 , 0
-0.753059,9.145,0.0106612 , 0.0106612 , 0
-0.753059,9.235,0.0103 , 0.0103 , 0
-0.753059,9.325,0.00995469 , 0.00995469 , 0
-0.753059,9.415,0.00962451 , 0.00962451 , 0
-0.753059,9.505,0.00930883 , 0.00930883 , 0
-0.753059,9.595,0.00900699 , 0.00900699 , 0
-0.753059,9.685,0.00871836 , 0.00871836 , 0
-0.753059,9.775,0.00844233 , 0.00844233 , 0
-0.753059,9.865,0.00817831 , 0.00817831 , 0
-0.753059,9.955,0.00792574 , 0.00792574 , 0
-0.749415,1.045,0.511877 , 0.511877 , 0
-0.749415,1.135,0.463237 , 0.463237 , 0
-0.749415,1.225,0.389664 , 0.389664 , 0
-0.749415,1.315,0.381739 , 0.381739 , 0
-0.749415,1.405,0.32386 , 0.32386 , 0
-0.749415,1.495,0.314963 , 0.314963 , 0
-0.749415,1.585,0.279061 , 0.279061 , 0
-0.749415,1.675,0.252175 , 0.252175 , 0
-0.749415,1.765,0.242965 , 0.242965 , 0
-0.749415,1.855,0.222172 , 0.222172 , 0
-0.749415,1.945,0.19946 , 0.19946 , 0
-0.749415,2.035,0.186244 , 0.186244 , 0
-0.749415,2.125,0.177587 , 0.177587 , 0
-0.749415,2.215,0.166996 , 0.166996 , 0
-0.749415,2.305,0.153895 , 0.153895 , 0
-0.749415,2.395,0.14172 , 0.14172 , 0
-0.749415,2.485,0.132313 , 0.132313 , 0
-0.749415,2.575,0.124883 , 0.124883 , 0
-0.749415,2.665,0.118331 , 0.118331 , 0
-0.749415,2.755,0.111863 , 0.111863 , 0
-0.749415,2.845,0.105245 , 0.105245 , 0
-0.749415,2.935,0.0987135 , 0.0987135 , 0
-0.749415,3.025,0.0927438 , 0.0927438 , 0
-0.749415,3.115,0.0875455 , 0.0875455 , 0
-0.749415,3.205,0.0830379 , 0.0830379 , 0
-0.749415,3.295,0.079069 , 0.079069 , 0
-0.749415,3.385,0.075504 , 0.075504 , 0
-0.749415,3.475,0.07214 , 0.07214 , 0
-0.749415,3.565,0.0688229 , 0.0688229 , 0
-0.749415,3.655,0.0654412 , 0.0654412 , 0
-0.749415,3.745,0.0620863 , 0.0620863 , 0
-0.749415,3.835,0.0588099 , 0.0588099 , 0
-0.749415,3.925,0.0556838 , 0.0556838 , 0
-0.749415,4.015,0.0527513 , 0.0527513 , 0
-0.749415,4.105,0.0500582 , 0.0500582 , 0
-0.749415,4.195,0.0476941 , 0.0476941 , 0
-0.749415,4.285,0.0456754 , 0.0456754 , 0
-0.749415,4.375,0.043998 , 0.043998 , 0
-0.749415,4.465,0.0426408 , 0.0426408 , 0
-0.749415,4.555,0.0415065 , 0.0415065 , 0
-0.749415,4.645,0.0406272 , 0.0406272 , 0
-0.749415,4.735,0.0399585 , 0.0399585 , 0
-0.749415,4.825,0.0394546 , 0.0394546 , 0
-0.749415,4.915,0.0390713 , 0.0390713 , 0
-0.749415,5.005,0.0387687 , 0.0387687 , 0
-0.749415,5.095,0.0384872 , 0.0384872 , 0
-0.749415,5.185,0.0382215 , 0.0382215 , 0
-0.749415,5.275,0.0379501 , 0.0379501 , 0
-0.749415,5.365,0.0376543 , 0.0376543 , 0
-0.749415,5.455,0.0373206 , 0.0373206 , 0
-0.749415,5.545,0.0369402 , 0.0369402 , 0
-0.749415,5.635,0.036504 , 0.036504 , 0
-0.749415,5.725,0.0359907 , 0.0359907 , 0
-0.749415,5.815,0.0354247 , 0.0354247 , 0
-0.749415,5.905,0.0348084 , 0.0348084 , 0
-0.749415,5.995,0.0341453 , 0.0341453 , 0
-0.749415,6.085,0.0334401 , 0.0334401 , 0
-0.749415,6.175,0.032698 , 0.032698 , 0
-0.749415,6.265,0.0319248 , 0.0319248 , 0
-0.749415,6.355,0.0311207 , 0.0311207 , 0
-0.749415,6.445,0.0302921 , 0.0302921 , 0
-0.749415,6.535,0.02945 , 0.02945 , 0
-0.749415,6.625,0.0285995 , 0.0285995 , 0
-0.749415,6.715,0.0277455 , 0.0277455 , 0
-0.749415,6.805,0.0268924 , 0.0268924 , 0
-0.749415,6.895,0.0260441 , 0.0260441 , 0
-0.749415,6.985,0.025204 , 0.025204 , 0
-0.749415,7.075,0.0243751 , 0.0243751 , 0
-0.749415,7.165,0.0235583 , 0.0235583 , 0
-0.749415,7.255,0.0227574 , 0.0227574 , 0
-0.749415,7.345,0.0219744 , 0.0219744 , 0
-0.749415,7.435,0.0212108 , 0.0212108 , 0
-0.749415,7.525,0.0204677 , 0.0204677 , 0
-0.749415,7.615,0.0197462 , 0.0197462 , 0
-0.749415,7.705,0.0190467 , 0.0190467 , 0
-0.749415,7.795,0.0183699 , 0.0183699 , 0
-0.749415,7.885,0.0177159 , 0.0177159 , 0
-0.749415,7.975,0.0170819 , 0.0170819 , 0
-0.749415,8.065,0.0164659 , 0.0164659 , 0
-0.749415,8.155,0.0158729 , 0.0158729 , 0
-0.749415,8.245,0.0153025 , 0.0153025 , 0
-0.749415,8.335,0.0147544 , 0.0147544 , 0
-0.749415,8.425,0.014228 , 0.014228 , 0
-0.749415,8.515,0.0137229 , 0.0137229 , 0
-0.749415,8.605,0.0132384 , 0.0132384 , 0
-0.749415,8.695,0.012774 , 0.012774 , 0
-0.749415,8.785,0.012329 , 0.012329 , 0
-0.749415,8.875,0.0119027 , 0.0119027 , 0
-0.749415,8.965,0.0114911 , 0.0114911 , 0
-0.749415,9.055,0.0110951 , 0.0110951 , 0
-0.749415,9.145,0.0107163 , 0.0107163 , 0
-0.749415,9.235,0.0103541 , 0.0103541 , 0
-0.749415,9.325,0.0100078 , 0.0100078 , 0
-0.749415,9.415,0.00967658 , 0.00967658 , 0
-0.749415,9.505,0.00935988 , 0.00935988 , 0
-0.749415,9.595,0.00905703 , 0.00905703 , 0
-0.749415,9.685,0.0087674 , 0.0087674 , 0
-0.749415,9.775,0.00849037 , 0.00849037 , 0
-0.749415,9.865,0.00822536 , 0.00822536 , 0
-0.749415,9.955,0.0079718 , 0.0079718 , 0
-0.745771,1.045,0.50983 , 0.50983 , 0
-0.745771,1.135,0.469043 , 0.469043 , 0
-0.745771,1.225,0.392258 , 0.392258 , 0
-0.745771,1.315,0.383284 , 0.383284 , 0
-0.745771,1.405,0.325935 , 0.325935 , 0
-0.745771,1.495,0.317709 , 0.317709 , 0
-0.745771,1.585,0.27924 , 0.27924 , 0
-0.745771,1.675,0.254363 , 0.254363 , 0
-0.745771,1.765,0.244964 , 0.244964 , 0
-0.745771,1.855,0.222753 , 0.222753 , 0
-0.745771,1.945,0.200159 , 0.200159 , 0
-0.745771,2.035,0.187631 , 0.187631 , 0
-0.745771,2.125,0.178985 , 0.178985 , 0
-0.745771,2.215,0.167906 , 0.167906 , 0
-0.745771,2.305,0.154435 , 0.154435 , 0
-0.745771,2.395,0.142224 , 0.142224 , 0
-0.745771,2.485,0.132972 , 0.132972 , 0
-0.745771,2.575,0.125679 , 0.125679 , 0
-0.745771,2.665,0.119154 , 0.119154 , 0
-0.745771,2.755,0.112612 , 0.112612 , 0
-0.745771,2.845,0.105874 , 0.105874 , 0
-0.745771,2.935,0.0992234 , 0.0992234 , 0
-0.745771,3.025,0.0931693 , 0.0931693 , 0
-0.745771,3.115,0.0879239 , 0.0879239 , 0
-0.745771,3.205,0.0833975 , 0.0833975 , 0
-0.745771,3.295,0.0794249 , 0.0794249 , 0
-0.745771,3.385,0.0758601 , 0.0758601 , 0
-0.745771,3.475,0.072494 , 0.072494 , 0
-0.745771,3.565,0.0691703 , 0.0691703 , 0
-0.745771,3.655,0.0657773 , 0.0657773 , 0
-0.745771,3.745,0.0624081 , 0.0624081 , 0
-0.745771,3.835,0.0591163 , 0.0591163 , 0
-0.745771,3.925,0.055975 , 0.055975 , 0
-0.745771,4.015,0.053028 , 0.053028 , 0
-0.745771,4.105,0.0503218 , 0.0503218 , 0
-0.745771,4.195,0.0479458 , 0.0479458 , 0
-0.745771,4.285,0.0459164 , 0.0459164 , 0
-0.745771,4.375,0.0442291 , 0.0442291 , 0
-0.745771,4.465,0.0428623 , 0.0428623 , 0
-0.745771,4.555,0.0417188 , 0.0417188 , 0
-0.745771,4.645,0.04083 , 0.04083 , 0
-0.745771,4.735,0.0401517 , 0.0401517 , 0
-0.745771,4.825,0.0396377 , 0.0396377 , 0
-0.745771,4.915,0.0392442 , 0.0392442 , 0
-0.745771,5.005,0.0389312 , 0.0389312 , 0
-0.745771,5.095,0.0386398 , 0.0386398 , 0
-0.745771,5.185,0.0383645 , 0.0383645 , 0
-0.745771,5.275,0.0380836 , 0.0380836 , 0
-0.745771,5.365,0.0377789 , 0.0377789 , 0
-0.745771,5.455,0.0374369 , 0.0374369 , 0
-0.745771,5.545,0.0370486 , 0.0370486 , 0
-0.745771,5.635,0.0366054 , 0.0366054 , 0
-0.745771,5.725,0.0360859 , 0.0360859 , 0
-0.745771,5.815,0.0355146 , 0.0355146 , 0
-0.745771,5.905,0.0348936 , 0.0348936 , 0
-0.745771,5.995,0.0342266 , 0.0342266 , 0
-0.745771,6.085,0.033518 , 0.033518 , 0
-0.745771,6.175,0.0327732 , 0.0327732 , 0
-0.745771,6.265,0.0319978 , 0.0319978 , 0
-0.745771,6.355,0.0311917 , 0.0311917 , 0
-0.745771,6.445,0.0303613 , 0.0303613 , 0
-0.745771,6.535,0.0295177 , 0.0295177 , 0
-0.745771,6.625,0.0286661 , 0.0286661 , 0
-0.745771,6.715,0.0278113 , 0.0278113 , 0
-0.745771,6.805,0.0269576 , 0.0269576 , 0
-0.745771,6.895,0.0261088 , 0.0261088 , 0
-0.745771,6.985,0.0252684 , 0.0252684 , 0
-0.745771,7.075,0.0244393 , 0.0244393 , 0
-0.745771,7.165,0.0236224 , 0.0236224 , 0
-0.745771,7.255,0.0228214 , 0.0228214 , 0
-0.745771,7.345,0.0220383 , 0.0220383 , 0
-0.745771,7.435,0.0212747 , 0.0212747 , 0
-0.745771,7.525,0.0205315 , 0.0205315 , 0
-0.745771,7.615,0.0198099 , 0.0198099 , 0
-0.745771,7.705,0.0191103 , 0.0191103 , 0
-0.745771,7.795,0.0184332 , 0.0184332 , 0
-0.745771,7.885,0.017779 , 0.017779 , 0
-0.745771,7.975,0.0171448 , 0.0171448 , 0
-0.745771,8.065,0.0165286 , 0.0165286 , 0
-0.745771,8.155,0.0159354 , 0.0159354 , 0
-0.745771,8.245,0.0153647 , 0.0153647 , 0
-0.745771,8.335,0.0148162 , 0.0148162 , 0
-0.745771,8.425,0.0142894 , 0.0142894 , 0
-0.745771,8.515,0.0137838 , 0.0137838 , 0
-0.745771,8.605,0.0132988 , 0.0132988 , 0
-0.745771,8.695,0.0128337 , 0.0128337 , 0
-0.745771,8.785,0.0123881 , 0.0123881 , 0
-0.745771,8.875,0.0119611 , 0.0119611 , 0
-0.745771,8.965,0.0115489 , 0.0115489 , 0
-0.745771,9.055,0.0111523 , 0.0111523 , 0
-0.745771,9.145,0.0107729 , 0.0107729 , 0
-0.745771,9.235,0.01041 , 0.01041 , 0
-0.745771,9.325,0.0100629 , 0.0100629 , 0
-0.745771,9.415,0.00973101 , 0.00973101 , 0
-0.745771,9.505,0.00941355 , 0.00941355 , 0
-0.745771,9.595,0.00910992 , 0.00910992 , 0
-0.745771,9.685,0.00881949 , 0.00881949 , 0
-0.745771,9.775,0.00854165 , 0.00854165 , 0
-0.745771,9.865,0.00827582 , 0.00827582 , 0
-0.745771,9.955,0.00802143 , 0.00802143 , 0
-0.742127,1.045,0.507107 , 0.507107 , 0
-0.742127,1.135,0.473951 , 0.473951 , 0
-0.742127,1.225,0.395673 , 0.395673 , 0
-0.742127,1.315,0.38427 , 0.38427 , 0
-0.742127,1.405,0.328481 , 0.328481 , 0
-0.742127,1.495,0.320164 , 0.320164 , 0
-0.742127,1.585,0.279459 , 0.279459 , 0
-0.742127,1.675,0.256747 , 0.256747 , 0
-0.742127,1.765,0.246853 , 0.246853 , 0
-0.742127,1.855,0.22325 , 0.22325 , 0
-0.742127,1.945,0.200937 , 0.200937 , 0
-0.742127,2.035,0.189101 , 0.189101 , 0
-0.742127,2.125,0.180375 , 0.180375 , 0
-0.742127,2.215,0.168764 , 0.168764 , 0
-0.742127,2.305,0.154946 , 0.154946 , 0
-0.742127,2.395,0.142744 , 0.142744 , 0
-0.742127,2.485,0.13367 , 0.13367 , 0
-0.742127,2.575,0.126513 , 0.126513 , 0
-0.742127,2.665,0.119994 , 0.119994 , 0
-0.742127,2.755,0.113358 , 0.113358 , 0
-0.742127,2.845,0.106488 , 0.106488 , 0
-0.742127,2.935,0.0997168 , 0.0997168 , 0
-0.742127,3.025,0.0935828 , 0.0935828 , 0
-0.742127,3.115,0.0882983 , 0.0882983 , 0
-0.742127,3.205,0.0837612 , 0.0837612 , 0
-0.742127,3.295,0.0797912 , 0.0797912 , 0
-0.742127,3.385,0.0762303 , 0.0762303 , 0
-0.742127,3.475,0.0728633 , 0.0728633 , 0
-0.742127,3.565,0.0695319 , 0.0695319 , 0
-0.742127,3.655,0.0661255 , 0.0661255 , 0
-0.742127,3.745,0.0627393 , 0.0627393 , 0
-0.742127,3.835,0.0594291 , 0.0594291 , 0
-0.742127,3.925,0.0562697 , 0.0562697 , 0
-0.742127,4.015,0.053306 , 0.053306 , 0
-0.742127,4.105,0.0505847 , 0.0505847 , 0
-0.742127,4.195,0.0481957 , 0.0481957 , 0
-0.742127,4.285,0.0461548 , 0.0461548 , 0
-0.742127,4.375,0.044457 , 0.044457 , 0
-0.742127,4.465,0.0430806 , 0.0430806 , 0
-0.742127,4.555,0.0419279 , 0.0419279 , 0
-0.742127,4.645,0.0410298 , 0.0410298 , 0
-0.742127,4.735,0.0403421 , 0.0403421 , 0
-0.742127,4.825,0.0398184 , 0.0398184 , 0
-0.742127,4.915,0.039415 , 0.039415 , 0
-0.742127,5.005,0.039092 , 0.039092 , 0
-0.742127,5.095,0.0387909 , 0.0387909 , 0
-0.742127,5.185,0.0385062 , 0.0385062 , 0
-0.742127,5.275,0.0382161 , 0.0382161 , 0
-0.742127,5.365,0.0379025 , 0.0379025 , 0
-0.742127,5.455,0.0375522 , 0.0375522 , 0
-0.742127,5.545,0.0371562 , 0.0371562 , 0
-0.742127,5.635,0.0367059 , 0.0367059 , 0
-0.742127,5.725,0.0361803 , 0.0361803 , 0
-0.742127,5.815,0.0356036 , 0.0356036 , 0
-0.742127,5.905,0.0349779 , 0.0349779 , 0
-0.742127,5.995,0.0343068 , 0.0343068 , 0
-0.742127,6.085,0.0335949 , 0.0335949 , 0
-0.742127,6.175,0.0328473 , 0.0328473 , 0
-0.742127,6.265,0.0320696 , 0.0320696 , 0
-0.742127,6.355,0.0312615 , 0.0312615 , 0
-0.742127,6.445,0.0304291 , 0.0304291 , 0
-0.742127,6.535,0.0295841 , 0.0295841 , 0
-0.742127,6.625,0.0287314 , 0.0287314 , 0
-0.742127,6.715,0.0278757 , 0.0278757 , 0
-0.742127,6.805,0.0270213 , 0.0270213 , 0
-0.742127,6.895,0.0261721 , 0.0261721 , 0
-0.742127,6.985,0.0253314 , 0.0253314 , 0
-0.742127,7.075,0.0245022 , 0.0245022 , 0
-0.742127,7.165,0.0236851 , 0.0236851 , 0
-0.742127,7.255,0.0228841 , 0.0228841 , 0
-0.742127,7.345,0.022101 , 0.022101 , 0
-0.742127,7.435,0.0213373 , 0.0213373 , 0
-0.742127,7.525,0.0205942 , 0.0205942 , 0
-0.742127,7.615,0.0198725 , 0.0198725 , 0
-0.742127,7.705,0.0191728 , 0.0191728 , 0
-0.742127,7.795,0.0184956 , 0.0184956 , 0
-0.742127,7.885,0.0178411 , 0.0178411 , 0
-0.742127,7.975,0.0172068 , 0.0172068 , 0
-0.742127,8.065,0.0165906 , 0.0165906 , 0
-0.742127,8.155,0.0159971 , 0.0159971 , 0
-0.742127,8.245,0.0154262 , 0.0154262 , 0
-0.742127,8.335,0.0148774 , 0.0148774 , 0
-0.742127,8.425,0.0143503 , 0.0143503 , 0
-0.742127,8.515,0.0138442 , 0.0138442 , 0
-0.742127,8.605,0.0133587 , 0.0133587 , 0
-0.742127,8.695,0.0128931 , 0.0128931 , 0
-0.742127,8.785,0.0124469 , 0.0124469 , 0
-0.742127,8.875,0.0120192 , 0.0120192 , 0
-0.742127,8.965,0.0116065 , 0.0116065 , 0
-0.742127,9.055,0.0112093 , 0.0112093 , 0
-0.742127,9.145,0.0108293 , 0.0108293 , 0
-0.742127,9.235,0.0104658 , 0.0104658 , 0
-0.742127,9.325,0.0101181 , 0.0101181 , 0
-0.742127,9.415,0.00978548 , 0.00978548 , 0
-0.742127,9.505,0.00946731 , 0.00946731 , 0
-0.742127,9.595,0.00916293 , 0.00916293 , 0
-0.742127,9.685,0.00887174 , 0.00887174 , 0
-0.742127,9.775,0.00859312 , 0.00859312 , 0
-0.742127,9.865,0.00832649 , 0.00832649 , 0
-0.742127,9.955,0.0080713 , 0.0080713 , 0
-0.738483,1.045,0.504124 , 0.504124 , 0
-0.738483,1.135,0.477774 , 0.477774 , 0
-0.738483,1.225,0.399908 , 0.399908 , 0
-0.738483,1.315,0.384724 , 0.384724 , 0
-0.738483,1.405,0.331493 , 0.331493 , 0
-0.738483,1.495,0.322289 , 0.322289 , 0
-0.738483,1.585,0.279777 , 0.279777 , 0
-0.738483,1.675,0.259308 , 0.259308 , 0
-0.738483,1.765,0.248606 , 0.248606 , 0
-0.738483,1.855,0.223676 , 0.223676 , 0
-0.738483,1.945,0.201809 , 0.201809 , 0
-0.738483,2.035,0.190647 , 0.190647 , 0
-0.738483,2.125,0.181747 , 0.181747 , 0
-0.738483,2.215,0.169567 , 0.169567 , 0
-0.738483,2.305,0.155435 , 0.155435 , 0
-0.738483,2.395,0.143288 , 0.143288 , 0
-0.738483,2.485,0.134412 , 0.134412 , 0
-0.738483,2.575,0.127381 , 0.127381 , 0
-0.738483,2.665,0.120848 , 0.120848 , 0
-0.738483,2.755,0.114098 , 0.114098 , 0
-0.738483,2.845,0.107086 , 0.107086 , 0
-0.738483,2.935,0.100193 , 0.100193 , 0
-0.738483,3.025,0.0939854 , 0.0939854 , 0
-0.738483,3.115,0.088671 , 0.088671 , 0
-0.738483,3.205,0.0841318 , 0.0841318 , 0
-0.738483,3.295,0.0801704 , 0.0801704 , 0
-0.738483,3.385,0.0766166 , 0.0766166 , 0
-0.738483,3.475,0.0732491 , 0.0732491 , 0
-0.738483,3.565,0.0699087 , 0.0699087 , 0
-0.738483,3.655,0.0664861 , 0.0664861 , 0
-0.738483,3.745,0.0630798 , 0.0630798 , 0
-0.738483,3.835,0.0597479 , 0.0597479 , 0
-0.738483,3.925,0.0565676 , 0.0565676 , 0
-0.738483,4.015,0.0535847 , 0.0535847 , 0
-0.738483,4.105,0.0508467 , 0.0508467 , 0
-0.738483,4.195,0.0484432 , 0.0484432 , 0
-0.738483,4.285,0.0463899 , 0.0463899 , 0
-0.738483,4.375,0.0446814 , 0.0446814 , 0
-0.738483,4.465,0.0432952 , 0.0432952 , 0
-0.738483,4.555,0.0421332 , 0.0421332 , 0
-0.738483,4.645,0.0412261 , 0.0412261 , 0
-0.738483,4.735,0.0405292 , 0.0405292 , 0
-0.738483,4.825,0.0399962 , 0.0399962 , 0
-0.738483,4.915,0.0395831 , 0.0395831 , 0
-0.738483,5.005,0.0392504 , 0.0392504 , 0
-0.738483,5.095,0.0389399 , 0.0389399 , 0
-0.738483,5.185,0.0386459 , 0.0386459 , 0
-0.738483,5.275,0.0383467 , 0.0383467 , 0
-0.738483,5.365,0.0380244 , 0.0380244 , 0
-0.738483,5.455,0.0376659 , 0.0376659 , 0
-0.738483,5.545,0.0372622 , 0.0372622 , 0
-0.738483,5.635,0.0368049 , 0.0368049 , 0
-0.738483,5.725,0.0362732 , 0.0362732 , 0
-0.738483,5.815,0.0356911 , 0.0356911 , 0
-0.738483,5.905,0.0350607 , 0.0350607 , 0
-0.738483,5.995,0.0343856 , 0.0343856 , 0
-0.738483,6.085,0.0336702 , 0.0336702 , 0
-0.738483,6.175,0.0329198 , 0.0329198 , 0
-0.738483,6.265,0.0321399 , 0.0321399 , 0
-0.738483,6.355,0.0313297 , 0.0313297 , 0
-0.738483,6.445,0.0304955 , 0.0304955 , 0
-0.738483,6.535,0.0296489 , 0.0296489 , 0
-0.738483,6.625,0.0287951 , 0.0287951 , 0
-0.738483,6.715,0.0279386 , 0.0279386 , 0
-0.738483,6.805,0.0270836 , 0.0270836 , 0
-0.738483,6.895,0.026234 , 0.026234 , 0
-0.738483,6.985,0.025393 , 0.025393 , 0
-0.738483,7.075,0.0245637 , 0.0245637 , 0
-0.738483,7.165,0.0237466 , 0.0237466 , 0
-0.738483,7.255,0.0229456 , 0.0229456 , 0
-0.738483,7.345,0.0221626 , 0.0221626 , 0
-0.738483,7.435,0.0213989 , 0.0213989 , 0
-0.738483,7.525,0.0206558 , 0.0206558 , 0
-0.738483,7.615,0.0199341 , 0.0199341 , 0
-0.738483,7.705,0.0192344 , 0.0192344 , 0
-0.738483,7.795,0.0185572 , 0.0185572 , 0
-0.738483,7.885,0.0179026 , 0.0179026 , 0
-0.738483,7.975,0.0172682 , 0.0172682 , 0
-0.738483,8.065,0.0166519 , 0.0166519 , 0
-0.738483,8.155,0.0160584 , 0.0160584 , 0
-0.738483,8.245,0.0154873 , 0.0154873 , 0
-0.738483,8.335,0.0149383 , 0.0149383 , 0
-0.738483,8.425,0.0144108 , 0.0144108 , 0
-0.738483,8.515,0.0139044 , 0.0139044 , 0
-0.738483,8.605,0.0134185 , 0.0134185 , 0
-0.738483,8.695,0.0129524 , 0.0129524 , 0
-0.738483,8.785,0.0125056 , 0.0125056 , 0
-0.738483,8.875,0.0120774 , 0.0120774 , 0
-0.738483,8.965,0.0116641 , 0.0116641 , 0
-0.738483,9.055,0.0112665 , 0.0112665 , 0
-0.738483,9.145,0.0108859 , 0.0108859 , 0
-0.738483,9.235,0.0105218 , 0.0105218 , 0
-0.738483,9.325,0.0101735 , 0.0101735 , 0
-0.738483,9.415,0.00984019 , 0.00984019 , 0
-0.738483,9.505,0.00952133 , 0.00952133 , 0
-0.738483,9.595,0.00921625 , 0.00921625 , 0
-0.738483,9.685,0.00892432 , 0.00892432 , 0
-0.738483,9.775,0.00864495 , 0.00864495 , 0
-0.738483,9.865,0.00837755 , 0.00837755 , 0
-0.738483,9.955,0.00812158 , 0.00812158 , 0
-0.734839,1.045,0.501325 , 0.501325 , 0
-0.734839,1.135,0.480403 , 0.480403 , 0
-0.734839,1.225,0.404913 , 0.404913 , 0
-0.734839,1.315,0.384698 , 0.384698 , 0
-0.734839,1.405,0.334945 , 0.334945 , 0
-0.734839,1.495,0.324062 , 0.324062 , 0
-0.734839,1.585,0.280255 , 0.280255 , 0
-0.734839,1.675,0.26202 , 0.26202 , 0
-0.734839,1.765,0.250197 , 0.250197 , 0
-0.734839,1.855,0.224049 , 0.224049 , 0
-0.734839,1.945,0.202789 , 0.202789 , 0
-0.734839,2.035,0.192264 , 0.192264 , 0
-0.734839,2.125,0.18309 , 0.18309 , 0
-0.734839,2.215,0.170315 , 0.170315 , 0
-0.734839,2.305,0.155909 , 0.155909 , 0
-0.734839,2.395,0.143861 , 0.143861 , 0
-0.734839,2.485,0.135198 , 0.135198 , 0
-0.734839,2.575,0.12828 , 0.12828 , 0
-0.734839,2.665,0.121709 , 0.121709 , 0
-0.734839,2.755,0.114827 , 0.114827 , 0
-0.734839,2.845,0.107663 , 0.107663 , 0
-0.734839,2.935,0.100651 , 0.100651 , 0
-0.734839,3.025,0.0943789 , 0.0943789 , 0
-0.734839,3.115,0.0890448 , 0.0890448 , 0
-0.734839,3.205,0.0845124 , 0.0845124 , 0
-0.734839,3.295,0.0805656 , 0.0805656 , 0
-0.734839,3.385,0.0770215 , 0.0770215 , 0
-0.734839,3.475,0.0736534 , 0.0736534 , 0
-0.734839,3.565,0.0703018 , 0.0703018 , 0
-0.734839,3.655,0.0668599 , 0.0668599 , 0
-0.734839,3.745,0.0634296 , 0.0634296 , 0
-0.734839,3.835,0.0600727 , 0.0600727 , 0
-0.734839,3.925,0.0568683 , 0.0568683 , 0
-0.734839,4.015,0.0538638 , 0.0538638 , 0
-0.734839,4.105,0.051107 , 0.051107 , 0
-0.734839,4.195,0.0486878 , 0.0486878 , 0
-0.734839,4.285,0.0466213 , 0.0466213 , 0
-0.734839,4.375,0.0449014 , 0.0449014 , 0
-0.734839,4.465,0.0435052 , 0.0435052 , 0
-0.734839,4.555,0.0423341 , 0.0423341 , 0
-0.734839,4.645,0.041418 , 0.041418 , 0
-0.734839,4.735,0.0407121 , 0.0407121 , 0
-0.734839,4.825,0.0401699 , 0.0401699 , 0
-0.734839,4.915,0.0397475 , 0.0397475 , 0
-0.734839,5.005,0.0394052 , 0.0394052 , 0
-0.734839,5.095,0.0390856 , 0.0390856 , 0
-0.734839,5.185,0.0387825 , 0.0387825 , 0
-0.734839,5.275,0.0384745 , 0.0384745 , 0
-0.734839,5.365,0.0381436 , 0.0381436 , 0
-0.734839,5.455,0.037777 , 0.037777 , 0
-0.734839,5.545,0.0373657 , 0.0373657 , 0
-0.734839,5.635,0.0369015 , 0.0369015 , 0
-0.734839,5.725,0.0363637 , 0.0363637 , 0
-0.734839,5.815,0.0357762 , 0.0357762 , 0
-0.734839,5.905,0.0351412 , 0.0351412 , 0
-0.734839,5.995,0.0344621 , 0.0344621 , 0
-0.734839,6.085,0.0337435 , 0.0337435 , 0
-0.734839,6.175,0.0329903 , 0.0329903 , 0
-0.734839,6.265,0.0322082 , 0.0322082 , 0
-0.734839,6.355,0.0313959 , 0.0313959 , 0
-0.734839,6.445,0.0305599 , 0.0305599 , 0
-0.734839,6.535,0.029712 , 0.029712 , 0
-0.734839,6.625,0.0288571 , 0.0288571 , 0
-0.734839,6.715,0.0279999 , 0.0279999 , 0
-0.734839,6.805,0.0271444 , 0.0271444 , 0
-0.734839,6.895,0.0262944 , 0.0262944 , 0
-0.734839,6.985,0.0254533 , 0.0254533 , 0
-0.734839,7.075,0.024624 , 0.024624 , 0
-0.734839,7.165,0.023807 , 0.023807 , 0
-0.734839,7.255,0.0230061 , 0.0230061 , 0
-0.734839,7.345,0.0222232 , 0.0222232 , 0
-0.734839,7.435,0.0214597 , 0.0214597 , 0
-0.734839,7.525,0.0207167 , 0.0207167 , 0
-0.734839,7.615,0.0199951 , 0.0199951 , 0
-0.734839,7.705,0.0192955 , 0.0192955 , 0
-0.734839,7.795,0.0186183 , 0.0186183 , 0
-0.734839,7.885,0.0179637 , 0.0179637 , 0
-0.734839,7.975,0.0173292 , 0.0173292 , 0
-0.734839,8.065,0.016713 , 0.016713 , 0
-0.734839,8.155,0.0161195 , 0.0161195 , 0
-0.734839,8.245,0.0155483 , 0.0155483 , 0
-0.734839,8.335,0.0149992 , 0.0149992 , 0
-0.734839,8.425,0.0144715 , 0.0144715 , 0
-0.734839,8.515,0.0139647 , 0.0139647 , 0
-0.734839,8.605,0.0134784 , 0.0134784 , 0
-0.734839,8.695,0.013012 , 0.013012 , 0
-0.734839,8.785,0.0125647 , 0.0125647 , 0
-0.734839,8.875,0.0121359 , 0.0121359 , 0
-0.734839,8.965,0.0117221 , 0.0117221 , 0
-0.734839,9.055,0.011324 , 0.011324 , 0
-0.734839,9.145,0.010943 , 0.010943 , 0
-0.734839,9.235,0.0105783 , 0.0105783 , 0
-0.734839,9.325,0.0102294 , 0.0102294 , 0
-0.734839,9.415,0.00989548 , 0.00989548 , 0
-0.734839,9.505,0.00957596 , 0.00957596 , 0
-0.734839,9.595,0.00927019 , 0.00927019 , 0
-0.734839,9.685,0.00897755 , 0.00897755 , 0
-0.734839,9.775,0.00869744 , 0.00869744 , 0
-0.734839,9.865,0.00842929 , 0.00842929 , 0
-0.734839,9.955,0.00817255 , 0.00817255 , 0
-0.731195,1.045,0.499128 , 0.499128 , 0
-0.731195,1.135,0.481829 , 0.481829 , 0
-0.731195,1.225,0.410587 , 0.410587 , 0
-0.731195,1.315,0.384265 , 0.384265 , 0
-0.731195,1.405,0.338794 , 0.338794 , 0
-0.731195,1.495,0.325481 , 0.325481 , 0
-0.731195,1.585,0.280951 , 0.280951 , 0
-0.731195,1.675,0.264843 , 0.264843 , 0
-0.731195,1.765,0.251604 , 0.251604 , 0
-0.731195,1.855,0.224393 , 0.224393 , 0
-0.731195,1.945,0.203893 , 0.203893 , 0
-0.731195,2.035,0.193945 , 0.193945 , 0
-0.731195,2.125,0.184394 , 0.184394 , 0
-0.731195,2.215,0.171008 , 0.171008 , 0
-0.731195,2.305,0.156374 , 0.156374 , 0
-0.731195,2.395,0.144471 , 0.144471 , 0
-0.731195,2.485,0.136031 , 0.136031 , 0
-0.731195,2.575,0.129208 , 0.129208 , 0
-0.731195,2.665,0.122573 , 0.122573 , 0
-0.731195,2.755,0.115539 , 0.115539 , 0
-0.731195,2.845,0.108219 , 0.108219 , 0
-0.731195,2.935,0.101092 , 0.101092 , 0
-0.731195,3.025,0.094766 , 0.094766 , 0
-0.731195,3.115,0.0894238 , 0.0894238 , 0
-0.731195,3.205,0.0849073 , 0.0849073 , 0
-0.731195,3.295,0.0809809 , 0.0809809 , 0
-0.731195,3.385,0.0774484 , 0.0774484 , 0
-0.731195,3.475,0.0740789 , 0.0740789 , 0
-0.731195,3.565,0.0707133 , 0.0707133 , 0
-0.731195,3.655,0.0672482 , 0.0672482 , 0
-0.731195,3.745,0.06379 , 0.06379 , 0
-0.731195,3.835,0.060404 , 0.060404 , 0
-0.731195,3.925,0.0571722 , 0.0571722 , 0
-0.731195,4.015,0.0541432 , 0.0541432 , 0
-0.731195,4.105,0.0513654 , 0.0513654 , 0
-0.731195,4.195,0.0489288 , 0.0489288 , 0
-0.731195,4.285,0.0468479 , 0.0468479 , 0
-0.731195,4.375,0.045116 , 0.045116 , 0
-0.731195,4.465,0.0437093 , 0.0437093 , 0
-0.731195,4.555,0.0425287 , 0.0425287 , 0
-0.731195,4.645,0.0416037 , 0.0416037 , 0
-0.731195,4.735,0.0408889 , 0.0408889 , 0
-0.731195,4.825,0.0403376 , 0.0403376 , 0
-0.731195,4.915,0.039906 , 0.039906 , 0
-0.731195,5.005,0.0395544 , 0.0395544 , 0
-0.731195,5.095,0.0392258 , 0.0392258 , 0
-0.731195,5.185,0.0389139 , 0.0389139 , 0
-0.731195,5.275,0.0385972 , 0.0385972 , 0
-0.731195,5.365,0.038258 , 0.038258 , 0
-0.731195,5.455,0.0378835 , 0.0378835 , 0
-0.731195,5.545,0.0374649 , 0.0374649 , 0
-0.731195,5.635,0.036994 , 0.036994 , 0
-0.731195,5.725,0.0364503 , 0.0364503 , 0
-0.731195,5.815,0.0358577 , 0.0358577 , 0
-0.731195,5.905,0.0352182 , 0.0352182 , 0
-0.731195,5.995,0.0345354 , 0.0345354 , 0
-0.731195,6.085,0.0338136 , 0.0338136 , 0
-0.731195,6.175,0.0330579 , 0.0330579 , 0
-0.731195,6.265,0.0322738 , 0.0322738 , 0
-0.731195,6.355,0.0314598 , 0.0314598 , 0
-0.731195,6.445,0.0306222 , 0.0306222 , 0
-0.731195,6.535,0.0297731 , 0.0297731 , 0
-0.731195,6.625,0.0289174 , 0.0289174 , 0
-0.731195,6.715,0.0280595 , 0.0280595 , 0
-0.731195,6.805,0.0272037 , 0.0272037 , 0
-0.731195,6.895,0.0263536 , 0.0263536 , 0
-0.731195,6.985,0.0255126 , 0.0255126 , 0
-0.731195,7.075,0.0246833 , 0.0246833 , 0
-0.731195,7.165,0.0238665 , 0.0238665 , 0
-0.731195,7.255,0.023066 , 0.023066 , 0
-0.731195,7.345,0.0222834 , 0.0222834 , 0
-0.731195,7.435,0.0215201 , 0.0215201 , 0
-0.731195,7.525,0.0207774 , 0.0207774 , 0
-0.731195,7.615,0.0200561 , 0.0200561 , 0
-0.731195,7.705,0.0193566 , 0.0193566 , 0
-0.731195,7.795,0.0186795 , 0.0186795 , 0
-0.731195,7.885,0.018025 , 0.018025 , 0
-0.731195,7.975,0.0173907 , 0.0173907 , 0
-0.731195,8.065,0.0167746 , 0.0167746 , 0
-0.731195,8.155,0.0161812 , 0.0161812 , 0
-0.731195,8.245,0.01561 , 0.01561 , 0
-0.731195,8.335,0.0150607 , 0.0150607 , 0
-0.731195,8.425,0.0145329 , 0.0145329 , 0
-0.731195,8.515,0.0140259 , 0.0140259 , 0
-0.731195,8.605,0.0135393 , 0.0135393 , 0
-0.731195,8.695,0.0130724 , 0.0130724 , 0
-0.731195,8.785,0.0126247 , 0.0126247 , 0
-0.731195,8.875,0.0121954 , 0.0121954 , 0
-0.731195,8.965,0.0117812 , 0.0117812 , 0
-0.731195,9.055,0.0113827 , 0.0113827 , 0
-0.731195,9.145,0.0110012 , 0.0110012 , 0
-0.731195,9.235,0.010636 , 0.010636 , 0
-0.731195,9.325,0.0102865 , 0.0102865 , 0
-0.731195,9.415,0.00995196 , 0.00995196 , 0
-0.731195,9.505,0.00963179 , 0.00963179 , 0
-0.731195,9.595,0.00932534 , 0.00932534 , 0
-0.731195,9.685,0.00903199 , 0.00903199 , 0
-0.731195,9.775,0.00875115 , 0.00875115 , 0
-0.731195,9.865,0.00848225 , 0.00848225 , 0
-0.731195,9.955,0.00822474 , 0.00822474 , 0
-0.727551,1.045,0.497902 , 0.497902 , 0
-0.727551,1.135,0.482162 , 0.482162 , 0
-0.727551,1.225,0.416771 , 0.416771 , 0
-0.727551,1.315,0.383527 , 0.383527 , 0
-0.727551,1.405,0.342985 , 0.342985 , 0
-0.727551,1.495,0.32656 , 0.32656 , 0
-0.727551,1.585,0.281918 , 0.281918 , 0
-0.727551,1.675,0.267731 , 0.267731 , 0
-0.727551,1.765,0.252811 , 0.252811 , 0
-0.727551,1.855,0.224739 , 0.224739 , 0
-0.727551,1.945,0.205138 , 0.205138 , 0
-0.727551,2.035,0.195681 , 0.195681 , 0
-0.727551,2.125,0.18565 , 0.18565 , 0
-0.727551,2.215,0.171648 , 0.171648 , 0
-0.727551,2.305,0.15684 , 0.15684 , 0
-0.727551,2.395,0.145122 , 0.145122 , 0
-0.727551,2.485,0.136909 , 0.136909 , 0
-0.727551,2.575,0.130159 , 0.130159 , 0
-0.727551,2.665,0.123432 , 0.123432 , 0
-0.727551,2.755,0.116231 , 0.116231 , 0
-0.727551,2.845,0.108751 , 0.108751 , 0
-0.727551,2.935,0.101518 , 0.101518 , 0
-0.727551,3.025,0.0951511 , 0.0951511 , 0
-0.727551,3.115,0.0898139 , 0.0898139 , 0
-0.727551,3.205,0.0853235 , 0.0853235 , 0
-0.727551,3.295,0.0814231 , 0.0814231 , 0
-0.727551,3.385,0.077904 , 0.077904 , 0
-0.727551,3.475,0.0745316 , 0.0745316 , 0
-0.727551,3.565,0.0711485 , 0.0711485 , 0
-0.727551,3.655,0.0676556 , 0.0676556 , 0
-0.727551,3.745,0.0641645 , 0.0641645 , 0
-0.727551,3.835,0.0607446 , 0.0607446 , 0
-0.727551,3.925,0.0574809 , 0.0574809 , 0
-0.727551,4.015,0.0544237 , 0.0544237 , 0
-0.727551,4.105,0.0516218 , 0.0516218 , 0
-0.727551,4.195,0.0491652 , 0.0491652 , 0
-0.727551,4.285,0.0470679 , 0.0470679 , 0
-0.727551,4.375,0.0453223 , 0.0453223 , 0
-0.727551,4.465,0.0439041 , 0.0439041 , 0
-0.727551,4.555,0.0427132 , 0.0427132 , 0
-0.727551,4.645,0.0417786 , 0.0417786 , 0
-0.727551,4.735,0.0410546 , 0.0410546 , 0
-0.727551,4.825,0.0404942 , 0.0404942 , 0
-0.727551,4.915,0.0400534 , 0.0400534 , 0
-0.727551,5.005,0.0396926 , 0.0396926 , 0
-0.727551,5.095,0.0393553 , 0.0393553 , 0
-0.727551,5.185,0.0390348 , 0.0390348 , 0
-0.727551,5.275,0.0387099 , 0.0387099 , 0
-0.727551,5.365,0.0383629 , 0.0383629 , 0
-0.727551,5.455,0.0379809 , 0.0379809 , 0
-0.727551,5.545,0.0375556 , 0.0375556 , 0
-0.727551,5.635,0.0370785 , 0.0370785 , 0
-0.727551,5.725,0.0365296 , 0.0365296 , 0
-0.727551,5.815,0.0359325 , 0.0359325 , 0
-0.727551,5.905,0.0352892 , 0.0352892 , 0
-0.727551,5.995,0.0346031 , 0.0346031 , 0
-0.727551,6.085,0.0338788 , 0.0338788 , 0
-0.727551,6.175,0.0331212 , 0.0331212 , 0
-0.727551,6.265,0.0323355 , 0.0323355 , 0
-0.727551,6.355,0.0315203 , 0.0315203 , 0
-0.727551,6.445,0.0306816 , 0.0306816 , 0
-0.727551,6.535,0.0298318 , 0.0298318 , 0
-0.727551,6.625,0.0289757 , 0.0289757 , 0
-0.727551,6.715,0.0281177 , 0.0281177 , 0
-0.727551,6.805,0.027262 , 0.027262 , 0
-0.727551,6.895,0.0264122 , 0.0264122 , 0
-0.727551,6.985,0.0255715 , 0.0255715 , 0
-0.727551,7.075,0.0247427 , 0.0247427 , 0
-0.727551,7.165,0.0239265 , 0.0239265 , 0
-0.727551,7.255,0.0231264 , 0.0231264 , 0
-0.727551,7.345,0.0223444 , 0.0223444 , 0
-0.727551,7.435,0.0215817 , 0.0215817 , 0
-0.727551,7.525,0.0208395 , 0.0208395 , 0
-0.727551,7.615,0.0201185 , 0.0201185 , 0
-0.727551,7.705,0.0194194 , 0.0194194 , 0
-0.727551,7.795,0.0187426 , 0.0187426 , 0
-0.727551,7.885,0.0180883 , 0.0180883 , 0
-0.727551,7.975,0.0174542 , 0.0174542 , 0
-0.727551,8.065,0.0168384 , 0.0168384 , 0
-0.727551,8.155,0.0162452 , 0.0162452 , 0
-0.727551,8.245,0.0156741 , 0.0156741 , 0
-0.727551,8.335,0.0151248 , 0.0151248 , 0
-0.727551,8.425,0.0145968 , 0.0145968 , 0
-0.727551,8.515,0.0140897 , 0.0140897 , 0
-0.727551,8.605,0.0136028 , 0.0136028 , 0
-0.727551,8.695,0.0131355 , 0.0131355 , 0
-0.727551,8.785,0.0126874 , 0.0126874 , 0
-0.727551,8.875,0.0122576 , 0.0122576 , 0
-0.727551,8.965,0.011843 , 0.011843 , 0
-0.727551,9.055,0.011444 , 0.011444 , 0
-0.727551,9.145,0.011062 , 0.011062 , 0
-0.727551,9.235,0.0106963 , 0.0106963 , 0
-0.727551,9.325,0.0103462 , 0.0103462 , 0
-0.727551,9.415,0.010011 , 0.010011 , 0
-0.727551,9.505,0.00969019 , 0.00969019 , 0
-0.727551,9.595,0.00938303 , 0.00938303 , 0
-0.727551,9.685,0.00908895 , 0.00908895 , 0
-0.727551,9.775,0.00880734 , 0.00880734 , 0
-0.727551,9.865,0.00853766 , 0.00853766 , 0
-0.727551,9.955,0.00827934 , 0.00827934 , 0
-0.723907,1.045,0.498016 , 0.498016 , 0
-0.723907,1.135,0.481642 , 0.481642 , 0
-0.723907,1.225,0.423246 , 0.423246 , 0
-0.723907,1.315,0.382644 , 0.382644 , 0
-0.723907,1.405,0.34747 , 0.34747 , 0
-0.723907,1.495,0.327341 , 0.327341 , 0
-0.723907,1.585,0.283218 , 0.283218 , 0
-0.723907,1.675,0.270628 , 0.270628 , 0
-0.723907,1.765,0.253811 , 0.253811 , 0
-0.723907,1.855,0.225142 , 0.225142 , 0
-0.723907,1.945,0.206565 , 0.206565 , 0
-0.723907,2.035,0.197482 , 0.197482 , 0
-0.723907,2.125,0.186858 , 0.186858 , 0
-0.723907,2.215,0.17224 , 0.17224 , 0
-0.723907,2.305,0.157314 , 0.157314 , 0
-0.723907,2.395,0.145818 , 0.145818 , 0
-0.723907,2.485,0.137829 , 0.137829 , 0
-0.723907,2.575,0.131122 , 0.131122 , 0
-0.723907,2.665,0.124276 , 0.124276 , 0
-0.723907,2.755,0.116894 , 0.116894 , 0
-0.723907,2.845,0.109259 , 0.109259 , 0
-0.723907,2.935,0.101934 , 0.101934 , 0
-0.723907,3.025,0.0955454 , 0.0955454 , 0
-0.723907,3.115,0.0902318 , 0.0902318 , 0
-0.723907,3.205,0.0857818 , 0.0857818 , 0
-0.723907,3.295,0.0819164 , 0.0819164 , 0
-0.723907,3.385,0.0784145 , 0.0784145 , 0
-0.723907,3.475,0.0750384 , 0.0750384 , 0
-0.723907,3.565,0.0716336 , 0.0716336 , 0
-0.723907,3.655,0.0681062 , 0.0681062 , 0
-0.723907,3.745,0.0645741 , 0.0645741 , 0
-0.723907,3.835,0.0611116 , 0.0611116 , 0
-0.723907,3.925,0.0578071 , 0.0578071 , 0
-0.723907,4.015,0.0547128 , 0.0547128 , 0
-0.723907,4.105,0.0518785 , 0.0518785 , 0
-0.723907,4.195,0.0493944 , 0.0493944 , 0
-0.723907,4.285,0.0472739 , 0.0472739 , 0
-0.723907,4.375,0.0455089 , 0.0455089 , 0
-0.723907,4.465,0.0440742 , 0.0440742 , 0
-0.723907,4.555,0.0428691 , 0.0428691 , 0
-0.723907,4.645,0.0419219 , 0.0419219 , 0
-0.723907,4.735,0.0411864 , 0.0411864 , 0
-0.723907,4.825,0.0406154 , 0.0406154 , 0
-0.723907,4.915,0.0401648 , 0.0401648 , 0
-0.723907,5.005,0.0397948 , 0.0397948 , 0
-0.723907,5.095,0.0394494 , 0.0394494 , 0
-0.723907,5.185,0.0391214 , 0.0391214 , 0
-0.723907,5.275,0.0387897 , 0.0387897 , 0
-0.723907,5.365,0.0384366 , 0.0384366 , 0
-0.723907,5.455,0.0380493 , 0.0380493 , 0
-0.723907,5.545,0.0376193 , 0.0376193 , 0
-0.723907,5.635,0.0371384 , 0.0371384 , 0
-0.723907,5.725,0.0365867 , 0.0365867 , 0
-0.723907,5.815,0.0359874 , 0.0359874 , 0
-0.723907,5.905,0.0353427 , 0.0353427 , 0
-0.723907,5.995,0.0346558 , 0.0346558 , 0
-0.723907,6.085,0.0339313 , 0.0339313 , 0
-0.723907,6.175,0.0331739 , 0.0331739 , 0
-0.723907,6.265,0.0323889 , 0.0323889 , 0
-0.723907,6.355,0.0315744 , 0.0315744 , 0
-0.723907,6.445,0.0307366 , 0.0307366 , 0
-0.723907,6.535,0.0298878 , 0.0298878 , 0
-0.723907,6.625,0.0290329 , 0.0290329 , 0
-0.723907,6.715,0.0281764 , 0.0281764 , 0
-0.723907,6.805,0.0273221 , 0.0273221 , 0
-0.723907,6.895,0.0264738 , 0.0264738 , 0
-0.723907,6.985,0.0256346 , 0.0256346 , 0
-0.723907,7.075,0.0248073 , 0.0248073 , 0
-0.723907,7.165,0.0239925 , 0.0239925 , 0
-0.723907,7.255,0.0231938 , 0.0231938 , 0
-0.723907,7.345,0.022413 , 0.022413 , 0
-0.723907,7.435,0.0216515 , 0.0216515 , 0
-0.723907,7.525,0.0209103 , 0.0209103 , 0
-0.723907,7.615,0.0201902 , 0.0201902 , 0
-0.723907,7.705,0.0194919 , 0.0194919 , 0
-0.723907,7.795,0.0188157 , 0.0188157 , 0
-0.723907,7.885,0.0181618 , 0.0181618 , 0
-0.723907,7.975,0.0175281 , 0.0175281 , 0
-0.723907,8.065,0.0169128 , 0.0169128 , 0
-0.723907,8.155,0.0163198 , 0.0163198 , 0
-0.723907,8.245,0.0157489 , 0.0157489 , 0
-0.723907,8.335,0.0151996 , 0.0151996 , 0
-0.723907,8.425,0.0146715 , 0.0146715 , 0
-0.723907,8.515,0.0141641 , 0.0141641 , 0
-0.723907,8.605,0.0136769 , 0.0136769 , 0
-0.723907,8.695,0.0132092 , 0.0132092 , 0
-0.723907,8.785,0.0127605 , 0.0127605 , 0
-0.723907,8.875,0.0123302 , 0.0123302 , 0
-0.723907,8.965,0.011915 , 0.011915 , 0
-0.723907,9.055,0.0115154 , 0.0115154 , 0
-0.723907,9.145,0.0111327 , 0.0111327 , 0
-0.723907,9.235,0.0107662 , 0.0107662 , 0
-0.723907,9.325,0.0104154 , 0.0104154 , 0
-0.723907,9.415,0.0100794 , 0.0100794 , 0
-0.723907,9.505,0.00975765 , 0.00975765 , 0
-0.723907,9.595,0.00944957 , 0.00944957 , 0
-0.723907,9.685,0.00915453 , 0.00915453 , 0
-0.723907,9.775,0.00887195 , 0.00887195 , 0
-0.723907,9.865,0.00860126 , 0.00860126 , 0
-0.723907,9.955,0.00834192 , 0.00834192 , 0
-0.720263,1.045,0.499627 , 0.499627 , 0
-0.720263,1.135,0.480313 , 0.480313 , 0
-0.720263,1.225,0.429726 , 0.429726 , 0
-0.720263,1.315,0.38179 , 0.38179 , 0
-0.720263,1.405,0.352092 , 0.352092 , 0
-0.720263,1.495,0.327767 , 0.327767 , 0
-0.720263,1.585,0.284758 , 0.284758 , 0
-0.720263,1.675,0.273478 , 0.273478 , 0
-0.720263,1.765,0.254644 , 0.254644 , 0
-0.720263,1.855,0.225619 , 0.225619 , 0
-0.720263,1.945,0.20812 , 0.20812 , 0
-0.720263,2.035,0.199271 , 0.199271 , 0
-0.720263,2.125,0.187963 , 0.187963 , 0
-0.720263,2.215,0.172756 , 0.172756 , 0
-0.720263,2.305,0.157784 , 0.157784 , 0
-0.720263,2.395,0.146552 , 0.146552 , 0
-0.720263,2.485,0.138784 , 0.138784 , 0
-0.720263,2.575,0.132098 , 0.132098 , 0
-0.720263,2.665,0.12511 , 0.12511 , 0
-0.720263,2.755,0.117537 , 0.117537 , 0
-0.720263,2.845,0.109749 , 0.109749 , 0
-0.720263,2.935,0.102342 , 0.102342 , 0
-0.720263,3.025,0.0959423 , 0.0959423 , 0
-0.720263,3.115,0.0906585 , 0.0906585 , 0
-0.720263,3.205,0.0862495 , 0.0862495 , 0
-0.720263,3.295,0.082415 , 0.082415 , 0
-0.720263,3.385,0.0789232 , 0.0789232 , 0
-0.720263,3.475,0.0755357 , 0.0755357 , 0
-0.720263,3.565,0.0721024 , 0.0721024 , 0
-0.720263,3.655,0.0685359 , 0.0685359 , 0
-0.720263,3.745,0.0649605 , 0.0649605 , 0
-0.720263,3.835,0.0614555 , 0.0614555 , 0
-0.720263,3.925,0.0581126 , 0.0581126 , 0
-0.720263,4.015,0.0549855 , 0.0549855 , 0
-0.720263,4.105,0.0521241 , 0.0521241 , 0
-0.720263,4.195,0.0496184 , 0.0496184 , 0
-0.720263,4.285,0.0474809 , 0.0474809 , 0
-0.720263,4.375,0.0457022 , 0.0457022 , 0
-0.720263,4.465,0.0442563 , 0.0442563 , 0
-0.720263,4.555,0.0430415 , 0.0430415 , 0
-0.720263,4.645,0.0420853 , 0.0420853 , 0
-0.720263,4.735,0.0413411 , 0.0413411 , 0
-0.720263,4.825,0.0407615 , 0.0407615 , 0
-0.720263,4.915,0.0403021 , 0.0403021 , 0
-0.720263,5.005,0.0399231 , 0.0399231 , 0
-0.720263,5.095,0.0395692 , 0.0395692 , 0
-0.720263,5.185,0.0392329 , 0.0392329 , 0
-0.720263,5.275,0.038893 , 0.038893 , 0
-0.720263,5.365,0.0385321 , 0.0385321 , 0
-0.720263,5.455,0.0381374 , 0.0381374 , 0
-0.720263,5.545,0.0377007 , 0.0377007 , 0
-0.720263,5.635,0.0372137 , 0.0372137 , 0
-0.720263,5.725,0.0366567 , 0.0366567 , 0
-0.720263,5.815,0.036053 , 0.036053 , 0
-0.720263,5.905,0.0354045 , 0.0354045 , 0
-0.720263,5.995,0.0347147 , 0.0347147 , 0
-0.720263,6.085,0.0339878 , 0.0339878 , 0
-0.720263,6.175,0.0332287 , 0.0332287 , 0
-0.720263,6.265,0.0324425 , 0.0324425 , 0
-0.720263,6.355,0.0316271 , 0.0316271 , 0
-0.720263,6.445,0.0307884 , 0.0307884 , 0
-0.720263,6.535,0.0299393 , 0.0299393 , 0
-0.720263,6.625,0.0290844 , 0.0290844 , 0
-0.720263,6.715,0.0282281 , 0.0282281 , 0
-0.720263,6.805,0.0273743 , 0.0273743 , 0
-0.720263,6.895,0.0265266 , 0.0265266 , 0
-0.720263,6.985,0.0256882 , 0.0256882 , 0
-0.720263,7.075,0.0248618 , 0.0248618 , 0
-0.720263,7.165,0.0240479 , 0.0240479 , 0
-0.720263,7.255,0.0232502 , 0.0232502 , 0
-0.720263,7.345,0.0224703 , 0.0224703 , 0
-0.720263,7.435,0.0217097 , 0.0217097 , 0
-0.720263,7.525,0.0209693 , 0.0209693 , 0
-0.720263,7.615,0.02025 , 0.02025 , 0
-0.720263,7.705,0.0195524 , 0.0195524 , 0
-0.720263,7.795,0.0188769 , 0.0188769 , 0
-0.720263,7.885,0.0182235 , 0.0182235 , 0
-0.720263,7.975,0.0175904 , 0.0175904 , 0
-0.720263,8.065,0.0169756 , 0.0169756 , 0
-0.720263,8.155,0.016383 , 0.016383 , 0
-0.720263,8.245,0.0158124 , 0.0158124 , 0
-0.720263,8.335,0.0152634 , 0.0152634 , 0
-0.720263,8.425,0.0147354 , 0.0147354 , 0
-0.720263,8.515,0.0142281 , 0.0142281 , 0
-0.720263,8.605,0.0137408 , 0.0137408 , 0
-0.720263,8.695,0.013273 , 0.013273 , 0
-0.720263,8.785,0.012824 , 0.012824 , 0
-0.720263,8.875,0.0123933 , 0.0123933 , 0
-0.720263,8.965,0.0119778 , 0.0119778 , 0
-0.720263,9.055,0.0115779 , 0.0115779 , 0
-0.720263,9.145,0.0111949 , 0.0111949 , 0
-0.720263,9.235,0.010828 , 0.010828 , 0
-0.720263,9.325,0.0104766 , 0.0104766 , 0
-0.720263,9.415,0.0101401 , 0.0101401 , 0
-0.720263,9.505,0.00981778 , 0.00981778 , 0
-0.720263,9.595,0.00950907 , 0.00950907 , 0
-0.720263,9.685,0.00921335 , 0.00921335 , 0
-0.720263,9.775,0.00893006 , 0.00893006 , 0
-0.720263,9.865,0.00865863 , 0.00865863 , 0
-0.720263,9.955,0.00839852 , 0.00839852 , 0
-0.716619,1.045,0.50282 , 0.50282 , 0
-0.716619,1.135,0.478272 , 0.478272 , 0
-0.716619,1.225,0.436049 , 0.436049 , 0
-0.716619,1.315,0.381062 , 0.381062 , 0
-0.716619,1.405,0.356688 , 0.356688 , 0
-0.716619,1.495,0.327856 , 0.327856 , 0
-0.716619,1.585,0.28652 , 0.28652 , 0
-0.716619,1.675,0.276266 , 0.276266 , 0
-0.716619,1.765,0.255329 , 0.255329 , 0
-0.716619,1.855,0.226137 , 0.226137 , 0
-0.716619,1.945,0.209723 , 0.209723 , 0
-0.716619,2.035,0.200984 , 0.200984 , 0
-0.716619,2.125,0.188945 , 0.188945 , 0
-0.716619,2.215,0.173206 , 0.173206 , 0
-0.716619,2.305,0.158264 , 0.158264 , 0
-0.716619,2.395,0.147335 , 0.147335 , 0
-0.716619,2.485,0.139782 , 0.139782 , 0
-0.716619,2.575,0.133091 , 0.133091 , 0
-0.716619,2.665,0.125939 , 0.125939 , 0
-0.716619,2.755,0.118163 , 0.118163 , 0
-0.716619,2.845,0.110221 , 0.110221 , 0
-0.716619,2.935,0.102736 , 0.102736 , 0
-0.716619,3.025,0.0963245 , 0.0963245 , 0
-0.716619,3.115,0.0910659 , 0.0910659 , 0
-0.716619,3.205,0.086689 , 0.086689 , 0
-0.716619,3.295,0.0828738 , 0.0828738 , 0
-0.716619,3.385,0.0793807 , 0.0793807 , 0
-0.716619,3.475,0.0759726 , 0.0759726 , 0
-0.716619,3.565,0.0725056 , 0.0725056 , 0
-0.716619,3.655,0.0688993 , 0.0688993 , 0
-0.716619,3.745,0.0652849 , 0.0652849 , 0
-0.716619,3.835,0.0617458 , 0.0617458 , 0
-0.716619,3.925,0.0583761 , 0.0583761 , 0
-0.716619,4.015,0.0552297 , 0.0552297 , 0
-0.716619,4.105,0.0523561 , 0.0523561 , 0
-0.716619,4.195,0.0498437 , 0.0498437 , 0
-0.716619,4.285,0.0477033 , 0.0477033 , 0
-0.716619,4.375,0.045924 , 0.045924 , 0
-0.716619,4.465,0.0444782 , 0.0444782 , 0
-0.716619,4.555,0.0432633 , 0.0432633 , 0
-0.716619,4.645,0.0423058 , 0.0423058 , 0
-0.716619,4.735,0.0415585 , 0.0415585 , 0
-0.716619,4.825,0.0409739 , 0.0409739 , 0
-0.716619,4.915,0.0405076 , 0.0405076 , 0
-0.716619,5.005,0.0401201 , 0.0401201 , 0
-0.716619,5.095,0.0397566 , 0.0397566 , 0
-0.716619,5.185,0.0394097 , 0.0394097 , 0
-0.716619,5.275,0.0390584 , 0.0390584 , 0
-0.716619,5.365,0.0386857 , 0.0386857 , 0
-0.716619,5.455,0.0382792 , 0.0382792 , 0
-0.716619,5.545,0.0378307 , 0.0378307 , 0
-0.716619,5.635,0.0373325 , 0.0373325 , 0
-0.716619,5.725,0.036765 , 0.036765 , 0
-0.716619,5.815,0.0361515 , 0.0361515 , 0
-0.716619,5.905,0.0354941 , 0.0354941 , 0
-0.716619,5.995,0.0347961 , 0.0347961 , 0
-0.716619,6.085,0.0340619 , 0.0340619 , 0
-0.716619,6.175,0.0332963 , 0.0332963 , 0
-0.716619,6.265,0.0325046 , 0.0325046 , 0
-0.716619,6.355,0.0316841 , 0.0316841 , 0
-0.716619,6.445,0.0308408 , 0.0308408 , 0
-0.716619,6.535,0.0299879 , 0.0299879 , 0
-0.716619,6.625,0.0291297 , 0.0291297 , 0
-0.716619,6.715,0.0282708 , 0.0282708 , 0
-0.716619,6.805,0.0274149 , 0.0274149 , 0
-0.716619,6.895,0.0265656 , 0.0265656 , 0
-0.716619,6.985,0.0257259 , 0.0257259 , 0
-0.716619,7.075,0.0248986 , 0.0248986 , 0
-0.716619,7.165,0.0240841 , 0.0240841 , 0
-0.716619,7.255,0.023286 , 0.023286 , 0
-0.716619,7.345,0.022506 , 0.022506 , 0
-0.716619,7.435,0.0217454 , 0.0217454 , 0
-0.716619,7.525,0.0210051 , 0.0210051 , 0
-0.716619,7.615,0.0202861 , 0.0202861 , 0
-0.716619,7.705,0.0195887 , 0.0195887 , 0
-0.716619,7.795,0.0189135 , 0.0189135 , 0
-0.716619,7.885,0.0182605 , 0.0182605 , 0
-0.716619,7.975,0.0176278 , 0.0176278 , 0
-0.716619,8.065,0.0170136 , 0.0170136 , 0
-0.716619,8.155,0.0164216 , 0.0164216 , 0
-0.716619,8.245,0.0158515 , 0.0158515 , 0
-0.716619,8.335,0.015303 , 0.015303 , 0
-0.716619,8.425,0.0147754 , 0.0147754 , 0
-0.716619,8.515,0.0142685 , 0.0142685 , 0
-0.716619,8.605,0.0137815 , 0.0137815 , 0
-0.716619,8.695,0.0133139 , 0.0133139 , 0
-0.716619,8.785,0.0128652 , 0.0128652 , 0
-0.716619,8.875,0.0124347 , 0.0124347 , 0
-0.716619,8.965,0.0120194 , 0.0120194 , 0
-0.716619,9.055,0.0116197 , 0.0116197 , 0
-0.716619,9.145,0.0112369 , 0.0112369 , 0
-0.716619,9.235,0.0108701 , 0.0108701 , 0
-0.716619,9.325,0.0105188 , 0.0105188 , 0
-0.716619,9.415,0.0101823 , 0.0101823 , 0
-0.716619,9.505,0.00985997 , 0.00985997 , 0
-0.716619,9.595,0.00955118 , 0.00955118 , 0
-0.716619,9.685,0.00925534 , 0.00925534 , 0
-0.716619,9.775,0.00897189 , 0.00897189 , 0
-0.716619,9.865,0.00870026 , 0.00870026 , 0
-0.716619,9.955,0.00843992 , 0.00843992 , 0
-0.712975,1.045,0.507823 , 0.507823 , 0
-0.712975,1.135,0.475942 , 0.475942 , 0
-0.712975,1.225,0.442027 , 0.442027 , 0
-0.712975,1.315,0.380669 , 0.380669 , 0
-0.712975,1.405,0.361209 , 0.361209 , 0
-0.712975,1.495,0.327731 , 0.327731 , 0
-0.712975,1.585,0.288608 , 0.288608 , 0
-0.712975,1.675,0.278947 , 0.278947 , 0
-0.712975,1.765,0.255861 , 0.255861 , 0
-0.712975,1.855,0.22676 , 0.22676 , 0
-0.712975,1.945,0.21144 , 0.21144 , 0
-0.712975,2.035,0.202666 , 0.202666 , 0
-0.712975,2.125,0.18984 , 0.18984 , 0
-0.712975,2.215,0.173623 , 0.173623 , 0
-0.712975,2.305,0.158781 , 0.158781 , 0
-0.712975,2.395,0.148177 , 0.148177 , 0
-0.712975,2.485,0.14082 , 0.14082 , 0
-0.712975,2.575,0.13409 , 0.13409 , 0
-0.712975,2.665,0.126747 , 0.126747 , 0
-0.712975,2.755,0.118762 , 0.118762 , 0
-0.712975,2.845,0.110672 , 0.110672 , 0
-0.712975,2.935,0.10312 , 0.10312 , 0
-0.712975,3.025,0.0967106 , 0.0967106 , 0
-0.712975,3.115,0.091486 , 0.091486 , 0
-0.712975,3.205,0.0871453 , 0.0871453 , 0
-0.712975,3.295,0.0833494 , 0.0833494 , 0
-0.712975,3.385,0.0798521 , 0.0798521 , 0
-0.712975,3.475,0.0764194 , 0.0764194 , 0
-0.712975,3.565,0.0729144 , 0.0729144 , 0
-0.712975,3.655,0.0692649 , 0.0692649 , 0
-0.712975,3.745,0.0656087 , 0.0656087 , 0
-0.712975,3.835,0.062034 , 0.062034 , 0
-0.712975,3.925,0.0586366 , 0.0586366 , 0
-0.712975,4.015,0.0554709 , 0.0554709 , 0
-0.712975,4.105,0.0525853 , 0.0525853 , 0
-0.712975,4.195,0.0500667 , 0.0500667 , 0
-0.712975,4.285,0.0479243 , 0.0479243 , 0
-0.712975,4.375,0.0461451 , 0.0461451 , 0
-0.712975,4.465,0.0447 , 0.0447 , 0
-0.712975,4.555,0.0434854 , 0.0434854 , 0
-0.712975,4.645,0.0425268 , 0.0425268 , 0
-0.712975,4.735,0.0417766 , 0.0417766 , 0
-0.712975,4.825,0.041187 , 0.041187 , 0
-0.712975,4.915,0.0407137 , 0.0407137 , 0
-0.712975,5.005,0.0403174 , 0.0403174 , 0
-0.712975,5.095,0.0399442 , 0.0399442 , 0
-0.712975,5.185,0.0395864 , 0.0395864 , 0
-0.712975,5.275,0.0392235 , 0.0392235 , 0
-0.712975,5.365,0.0388387 , 0.0388387 , 0
-0.712975,5.455,0.03842 , 0.03842 , 0
-0.712975,5.545,0.0379595 , 0.0379595 , 0
-0.712975,5.635,0.0374497 , 0.0374497 , 0
-0.712975,5.725,0.0368714 , 0.0368714 , 0
-0.712975,5.815,0.036248 , 0.036248 , 0
-0.712975,5.905,0.0355813 , 0.0355813 , 0
-0.712975,5.995,0.0348751 , 0.0348751 , 0
-0.712975,6.085,0.0341335 , 0.0341335 , 0
-0.712975,6.175,0.0333614 , 0.0333614 , 0
-0.712975,6.265,0.032564 , 0.032564 , 0
-0.712975,6.355,0.0317384 , 0.0317384 , 0
-0.712975,6.445,0.0308906 , 0.0308906 , 0
-0.712975,6.535,0.0300338 , 0.0300338 , 0
-0.712975,6.625,0.0291725 , 0.0291725 , 0
-0.712975,6.715,0.0283109 , 0.0283109 , 0
-0.712975,6.805,0.027453 , 0.027453 , 0
-0.712975,6.895,0.0266021 , 0.0266021 , 0
-0.712975,6.985,0.0257612 , 0.0257612 , 0
-0.712975,7.075,0.0249331 , 0.0249331 , 0
-0.712975,7.165,0.0241181 , 0.0241181 , 0
-0.712975,7.255,0.0233198 , 0.0233198 , 0
-0.712975,7.345,0.0225397 , 0.0225397 , 0
-0.712975,7.435,0.0217792 , 0.0217792 , 0
-0.712975,7.525,0.0210391 , 0.0210391 , 0
-0.712975,7.615,0.0203204 , 0.0203204 , 0
-0.712975,7.705,0.0196234 , 0.0196234 , 0
-0.712975,7.795,0.0189486 , 0.0189486 , 0
-0.712975,7.885,0.0182961 , 0.0182961 , 0
-0.712975,7.975,0.0176639 , 0.0176639 , 0
-0.712975,8.065,0.0170504 , 0.0170504 , 0
-0.712975,8.155,0.0164591 , 0.0164591 , 0
-0.712975,8.245,0.0158896 , 0.0158896 , 0
-0.712975,8.335,0.0153416 , 0.0153416 , 0
-0.712975,8.425,0.0148146 , 0.0148146 , 0
-0.712975,8.515,0.0143081 , 0.0143081 , 0
-0.712975,8.605,0.0138215 , 0.0138215 , 0
-0.712975,8.695,0.0133543 , 0.0133543 , 0
-0.712975,8.785,0.0129058 , 0.0129058 , 0
-0.712975,8.875,0.0124755 , 0.0124755 , 0
-0.712975,8.965,0.0120605 , 0.0120605 , 0
-0.712975,9.055,0.0116612 , 0.0116612 , 0
-0.712975,9.145,0.0112786 , 0.0112786 , 0
-0.712975,9.235,0.010912 , 0.010912 , 0
-0.712975,9.325,0.0105608 , 0.0105608 , 0
-0.712975,9.415,0.0102244 , 0.0102244 , 0
-0.712975,9.505,0.00990205 , 0.00990205 , 0
-0.712975,9.595,0.00959322 , 0.00959322 , 0
-0.712975,9.685,0.0092973 , 0.0092973 , 0
-0.712975,9.775,0.00901372 , 0.00901372 , 0
-0.712975,9.865,0.00874192 , 0.00874192 , 0
-0.712975,9.955,0.00848138 , 0.00848138 , 0
-0.709331,1.045,0.51452 , 0.51452 , 0
-0.709331,1.135,0.473644 , 0.473644 , 0
-0.709331,1.225,0.447464 , 0.447464 , 0
-0.709331,1.315,0.380746 , 0.380746 , 0
-0.709331,1.405,0.365535 , 0.365535 , 0
-0.709331,1.495,0.327472 , 0.327472 , 0
-0.709331,1.585,0.291016 , 0.291016 , 0
-0.709331,1.675,0.281478 , 0.281478 , 0
-0.709331,1.765,0.256261 , 0.256261 , 0
-0.709331,1.855,0.227511 , 0.227511 , 0
-0.709331,1.945,0.213258 , 0.213258 , 0
-0.709331,2.035,0.2043 , 0.2043 , 0
-0.709331,2.125,0.190647 , 0.190647 , 0
-0.709331,2.215,0.174018 , 0.174018 , 0
-0.709331,2.305,0.159342 , 0.159342 , 0
-0.709331,2.395,0.14908 , 0.14908 , 0
-0.709331,2.485,0.141892 , 0.141892 , 0
-0.709331,2.575,0.135086 , 0.135086 , 0
-0.709331,2.665,0.127531 , 0.127531 , 0
-0.709331,2.755,0.119331 , 0.119331 , 0
-0.709331,2.845,0.111102 , 0.111102 , 0
-0.709331,2.935,0.103498 , 0.103498 , 0
-0.709331,3.025,0.0971034 , 0.0971034 , 0
-0.709331,3.115,0.0919215 , 0.0919215 , 0
-0.709331,3.205,0.08762 , 0.08762 , 0
-0.709331,3.295,0.0838424 , 0.0838424 , 0
-0.709331,3.385,0.0803374 , 0.0803374 , 0
-0.709331,3.475,0.0768755 , 0.0768755 , 0
-0.709331,3.565,0.0733282 , 0.0733282 , 0
-0.709331,3.655,0.0696318 , 0.0696318 , 0
-0.709331,3.745,0.0659314 , 0.0659314 , 0
-0.709331,3.835,0.0623194 , 0.0623194 , 0
-0.709331,3.925,0.0588938 , 0.0588938 , 0
-0.709331,4.015,0.0557088 , 0.0557088 , 0
-0.709331,4.105,0.0528117 , 0.0528117 , 0
-0.709331,4.195,0.0502877 , 0.0502877 , 0
-0.709331,4.285,0.0481439 , 0.0481439 , 0
-0.709331,4.375,0.0463654 , 0.0463654 , 0
-0.709331,4.465,0.0449216 , 0.0449216 , 0
-0.709331,4.555,0.0437077 , 0.0437077 , 0
-0.709331,4.645,0.0427483 , 0.0427483 , 0
-0.709331,4.735,0.0419952 , 0.0419952 , 0
-0.709331,4.825,0.0414006 , 0.0414006 , 0
-0.709331,4.915,0.0409201 , 0.0409201 , 0
-0.709331,5.005,0.0405148 , 0.0405148 , 0
-0.709331,5.095,0.0401315 , 0.0401315 , 0
-0.709331,5.185,0.0397625 , 0.0397625 , 0
-0.709331,5.275,0.0393876 , 0.0393876 , 0
-0.709331,5.365,0.0389903 , 0.0389903 , 0
-0.709331,5.455,0.0385592 , 0.0385592 , 0
-0.709331,5.545,0.0380864 , 0.0380864 , 0
-0.709331,5.635,0.0375647 , 0.0375647 , 0
-0.709331,5.725,0.0369756 , 0.0369756 , 0
-0.709331,5.815,0.0363419 , 0.0363419 , 0
-0.709331,5.905,0.035666 , 0.035666 , 0
-0.709331,5.995,0.0349513 , 0.0349513 , 0
-0.709331,6.085,0.0342023 , 0.0342023 , 0
-0.709331,6.175,0.0334236 , 0.0334236 , 0
-0.709331,6.265,0.0326205 , 0.0326205 , 0
-0.709331,6.355,0.0317898 , 0.0317898 , 0
-0.709331,6.445,0.0309374 , 0.0309374 , 0
-0.709331,6.535,0.0300768 , 0.0300768 , 0
-0.709331,6.625,0.0292124 , 0.0292124 , 0
-0.709331,6.715,0.0283483 , 0.0283483 , 0
-0.709331,6.805,0.0274884 , 0.0274884 , 0
-0.709331,6.895,0.0266361 , 0.0266361 , 0
-0.709331,6.985,0.0257942 , 0.0257942 , 0
-0.709331,7.075,0.0249653 , 0.0249653 , 0
-0.709331,7.165,0.02415 , 0.02415 , 0
-0.709331,7.255,0.0233515 , 0.0233515 , 0
-0.709331,7.345,0.0225714 , 0.0225714 , 0
-0.709331,7.435,0.0218111 , 0.0218111 , 0
-0.709331,7.525,0.0210714 , 0.0210714 , 0
-0.709331,7.615,0.0203531 , 0.0203531 , 0
-0.709331,7.705,0.0196566 , 0.0196566 , 0
-0.709331,7.795,0.0189824 , 0.0189824 , 0
-0.709331,7.885,0.0183304 , 0.0183304 , 0
-0.709331,7.975,0.0176989 , 0.0176989 , 0
-0.709331,8.065,0.0170862 , 0.0170862 , 0
-0.709331,8.155,0.0164956 , 0.0164956 , 0
-0.709331,8.245,0.0159268 , 0.0159268 , 0
-0.709331,8.335,0.0153795 , 0.0153795 , 0
-0.709331,8.425,0.014853 , 0.014853 , 0
-0.709331,8.515,0.0143471 , 0.0143471 , 0
-0.709331,8.605,0.013861 , 0.013861 , 0
-0.709331,8.695,0.0133942 , 0.0133942 , 0
-0.709331,8.785,0.012946 , 0.012946 , 0
-0.709331,8.875,0.012516 , 0.012516 , 0
-0.709331,8.965,0.0121014 , 0.0121014 , 0
-0.709331,9.055,0.0117024 , 0.0117024 , 0
-0.709331,9.145,0.0113201 , 0.0113201 , 0
-0.709331,9.235,0.0109538 , 0.0109538 , 0
-0.709331,9.325,0.0106027 , 0.0106027 , 0
-0.709331,9.415,0.0102664 , 0.0102664 , 0
-0.709331,9.505,0.00994412 , 0.00994412 , 0
-0.709331,9.595,0.0096353 , 0.0096353 , 0
-0.709331,9.685,0.00933933 , 0.00933933 , 0
-0.709331,9.775,0.00905565 , 0.00905565 , 0
-0.709331,9.865,0.00878372 , 0.00878372 , 0
-0.709331,9.955,0.008523 , 0.008523 , 0
-0.705687,1.045,0.522644 , 0.522644 , 0
-0.705687,1.135,0.471715 , 0.471715 , 0
-0.705687,1.225,0.452186 , 0.452186 , 0
-0.705687,1.315,0.381403 , 0.381403 , 0
-0.705687,1.405,0.369557 , 0.369557 , 0
-0.705687,1.495,0.327168 , 0.327168 , 0
-0.705687,1.585,0.293726 , 0.293726 , 0
-0.705687,1.675,0.283817 , 0.283817 , 0
-0.705687,1.765,0.256554 , 0.256554 , 0
-0.705687,1.855,0.228406 , 0.228406 , 0
-0.705687,1.945,0.215165 , 0.215165 , 0
-0.705687,2.035,0.205871 , 0.205871 , 0
-0.705687,2.125,0.191369 , 0.191369 , 0
-0.705687,2.215,0.174402 , 0.174402 , 0
-0.705687,2.305,0.159957 , 0.159957 , 0
-0.705687,2.395,0.150043 , 0.150043 , 0
-0.705687,2.485,0.142992 , 0.142992 , 0
-0.705687,2.575,0.136074 , 0.136074 , 0
-0.705687,2.665,0.128285 , 0.128285 , 0
-0.705687,2.755,0.119869 , 0.119869 , 0
-0.705687,2.845,0.111514 , 0.111514 , 0
-0.705687,2.935,0.103873 , 0.103873 , 0
-0.705687,3.025,0.0975063 , 0.0975063 , 0
-0.705687,3.115,0.0923748 , 0.0923748 , 0
-0.705687,3.205,0.0881148 , 0.0881148 , 0
-0.705687,3.295,0.0843535 , 0.0843535 , 0
-0.705687,3.385,0.0808365 , 0.0808365 , 0
-0.705687,3.475,0.0773405 , 0.0773405 , 0
-0.705687,3.565,0.0737462 , 0.0737462 , 0
-0.705687,3.655,0.0699994 , 0.0699994 , 0
-0.705687,3.745,0.0662523 , 0.0662523 , 0
-0.705687,3.835,0.0626018 , 0.0626018 , 0
-0.705687,3.925,0.0591475 , 0.0591475 , 0
-0.705687,4.015,0.0559434 , 0.0559434 , 0
-0.705687,4.105,0.0530354 , 0.0530354 , 0
-0.705687,4.195,0.0505067 , 0.0505067 , 0
-0.705687,4.285,0.0483622 , 0.0483622 , 0
-0.705687,4.375,0.0465851 , 0.0465851 , 0
-0.705687,4.465,0.0451431 , 0.0451431 , 0
-0.705687,4.555,0.0439302 , 0.0439302 , 0
-0.705687,4.645,0.04297 , 0.04297 , 0
-0.705687,4.735,0.042214 , 0.042214 , 0
-0.705687,4.825,0.0416142 , 0.0416142 , 0
-0.705687,4.915,0.0411264 , 0.0411264 , 0
-0.705687,5.005,0.0407117 , 0.0407117 , 0
-0.705687,5.095,0.040318 , 0.040318 , 0
-0.705687,5.185,0.0399373 , 0.0399373 , 0
-0.705687,5.275,0.03955 , 0.03955 , 0
-0.705687,5.365,0.0391401 , 0.0391401 , 0
-0.705687,5.455,0.0386961 , 0.0386961 , 0
-0.705687,5.545,0.0382108 , 0.0382108 , 0
-0.705687,5.635,0.0376771 , 0.0376771 , 0
-0.705687,5.725,0.0370767 , 0.0370767 , 0
-0.705687,5.815,0.0364327 , 0.0364327 , 0
-0.705687,5.905,0.0357474 , 0.0357474 , 0
-0.705687,5.995,0.0350243 , 0.0350243 , 0
-0.705687,6.085,0.0342677 , 0.0342677 , 0
-0.705687,6.175,0.0334825 , 0.0334825 , 0
-0.705687,6.265,0.0326737 , 0.0326737 , 0
-0.705687,6.355,0.0318379 , 0.0318379 , 0
-0.705687,6.445,0.0309811 , 0.0309811 , 0
-0.705687,6.535,0.0301167 , 0.0301167 , 0
-0.705687,6.625,0.0292493 , 0.0292493 , 0
-0.705687,6.715,0.0283829 , 0.0283829 , 0
-0.705687,6.805,0.0275211 , 0.0275211 , 0
-0.705687,6.895,0.0266674 , 0.0266674 , 0
-0.705687,6.985,0.0258246 , 0.0258246 , 0
-0.705687,7.075,0.0249952 , 0.0249952 , 0
-0.705687,7.165,0.0241796 , 0.0241796 , 0
-0.705687,7.255,0.023381 , 0.023381 , 0
-0.705687,7.345,0.0226012 , 0.0226012 , 0
-0.705687,7.435,0.0218412 , 0.0218412 , 0
-0.705687,7.525,0.021102 , 0.021102 , 0
-0.705687,7.615,0.0203843 , 0.0203843 , 0
-0.705687,7.705,0.0196884 , 0.0196884 , 0
-0.705687,7.795,0.0190148 , 0.0190148 , 0
-0.705687,7.885,0.0183636 , 0.0183636 , 0
-0.705687,7.975,0.0177328 , 0.0177328 , 0
-0.705687,8.065,0.017121 , 0.017121 , 0
-0.705687,8.155,0.0165312 , 0.0165312 , 0
-0.705687,8.245,0.0159633 , 0.0159633 , 0
-0.705687,8.335,0.0154166 , 0.0154166 , 0
-0.705687,8.425,0.0148909 , 0.0148909 , 0
-0.705687,8.515,0.0143855 , 0.0143855 , 0
-0.705687,8.605,0.0139 , 0.0139 , 0
-0.705687,8.695,0.0134337 , 0.0134337 , 0
-0.705687,8.785,0.012986 , 0.012986 , 0
-0.705687,8.875,0.0125563 , 0.0125563 , 0
-0.705687,8.965,0.0121421 , 0.0121421 , 0
-0.705687,9.055,0.0117435 , 0.0117435 , 0
-0.705687,9.145,0.0113616 , 0.0113616 , 0
-0.705687,9.235,0.0109955 , 0.0109955 , 0
-0.705687,9.325,0.0106447 , 0.0106447 , 0
-0.705687,9.415,0.0103085 , 0.0103085 , 0
-0.705687,9.505,0.00998634 , 0.00998634 , 0
-0.705687,9.595,0.00967755 , 0.00967755 , 0
-0.705687,9.685,0.00938156 , 0.00938156 , 0
-0.705687,9.775,0.00909782 , 0.00909782 , 0
-0.705687,9.865,0.00882578 , 0.00882578 , 0
-0.705687,9.955,0.00856491 , 0.00856491 , 0
-0.702043,1.045,0.5318 , 0.5318 , 0
-0.702043,1.135,0.470482 , 0.470482 , 0
-0.702043,1.225,0.456056 , 0.456056 , 0
-0.702043,1.315,0.382721 , 0.382721 , 0
-0.702043,1.405,0.373181 , 0.373181 , 0
-0.702043,1.495,0.326914 , 0.326914 , 0
-0.702043,1.585,0.296705 , 0.296705 , 0
-0.702043,1.675,0.285926 , 0.285926 , 0
-0.702043,1.765,0.25677 , 0.25677 , 0
-0.702043,1.855,0.229463 , 0.229463 , 0
-0.702043,1.945,0.217141 , 0.217141 , 0
-0.702043,2.035,0.207365 , 0.207365 , 0
-0.702043,2.125,0.192011 , 0.192011 , 0
-0.702043,2.215,0.17479 , 0.17479 , 0
-0.702043,2.305,0.160634 , 0.160634 , 0
-0.702043,2.395,0.151066 , 0.151066 , 0
-0.702043,2.485,0.144114 , 0.144114 , 0
-0.702043,2.575,0.137045 , 0.137045 , 0
-0.702043,2.665,0.129004 , 0.129004 , 0
-0.702043,2.755,0.120376 , 0.120376 , 0
-0.702043,2.845,0.111908 , 0.111908 , 0
-0.702043,2.935,0.104248 , 0.104248 , 0
-0.702043,3.025,0.0979228 , 0.0979228 , 0
-0.702043,3.115,0.0928487 , 0.0928487 , 0
-0.702043,3.205,0.0886314 , 0.0886314 , 0
-0.702043,3.295,0.0848835 , 0.0848835 , 0
-0.702043,3.385,0.0813495 , 0.0813495 , 0
-0.702043,3.475,0.0778138 , 0.0778138 , 0
-0.702043,3.565,0.0741678 , 0.0741678 , 0
-0.702043,3.655,0.070367 , 0.070367 , 0
-0.702043,3.745,0.066571 , 0.066571 , 0
-0.702043,3.835,0.0628809 , 0.0628809 , 0
-0.702043,3.925,0.0593976 , 0.0593976 , 0
-0.702043,4.015,0.0561747 , 0.0561747 , 0
-0.702043,4.105,0.0532564 , 0.0532564 , 0
-0.702043,4.195,0.0507237 , 0.0507237 , 0
-0.702043,4.285,0.0485792 , 0.0485792 , 0
-0.702043,4.375,0.046804 , 0.046804 , 0
-0.702043,4.465,0.0453641 , 0.0453641 , 0
-0.702043,4.555,0.0441524 , 0.0441524 , 0
-0.702043,4.645,0.0431915 , 0.0431915 , 0
-0.702043,4.735,0.0424325 , 0.0424325 , 0
-0.702043,4.825,0.0418271 , 0.0418271 , 0
-0.702043,4.915,0.0413316 , 0.0413316 , 0
-0.702043,5.005,0.0409072 , 0.0409072 , 0
-0.702043,5.095,0.0405026 , 0.0405026 , 0
-0.702043,5.185,0.04011 , 0.04011 , 0
-0.702043,5.275,0.03971 , 0.03971 , 0
-0.702043,5.365,0.0392869 , 0.0392869 , 0
-0.702043,5.455,0.0388298 , 0.0388298 , 0
-0.702043,5.545,0.0383317 , 0.0383317 , 0
-0.702043,5.635,0.0377858 , 0.0377858 , 0
-0.702043,5.725,0.0371741 , 0.0371741 , 0
-0.702043,5.815,0.0365197 , 0.0365197 , 0
-0.702043,5.905,0.0358249 , 0.0358249 , 0
-0.702043,5.995,0.0350933 , 0.0350933 , 0
-0.702043,6.085,0.0343292 , 0.0343292 , 0
-0.702043,6.175,0.0335375 , 0.0335375 , 0
-0.702043,6.265,0.0327232 , 0.0327232 , 0
-0.702043,6.355,0.0318824 , 0.0318824 , 0
-0.702043,6.445,0.0310212 , 0.0310212 , 0
-0.702043,6.535,0.0301533 , 0.0301533 , 0
-0.702043,6.625,0.029283 , 0.029283 , 0
-0.702043,6.715,0.0284143 , 0.0284143 , 0
-0.702043,6.805,0.0275509 , 0.0275509 , 0
-0.702043,6.895,0.0266961 , 0.0266961 , 0
-0.702043,6.985,0.0258525 , 0.0258525 , 0
-0.702043,7.075,0.0250227 , 0.0250227 , 0
-0.702043,7.165,0.024207 , 0.024207 , 0
-0.702043,7.255,0.0234086 , 0.0234086 , 0
-0.702043,7.345,0.0226291 , 0.0226291 , 0
-0.702043,7.435,0.0218697 , 0.0218697 , 0
-0.702043,7.525,0.0211311 , 0.0211311 , 0
-0.702043,7.615,0.020414 , 0.020414 , 0
-0.702043,7.705,0.019719 , 0.019719 , 0
-0.702043,7.795,0.0190462 , 0.0190462 , 0
-0.702043,7.885,0.0183957 , 0.0183957 , 0
-0.702043,7.975,0.0177658 , 0.0177658 , 0
-0.702043,8.065,0.017155 , 0.017155 , 0
-0.702043,8.155,0.0165662 , 0.0165662 , 0
-0.702043,8.245,0.0159992 , 0.0159992 , 0
-0.702043,8.335,0.0154534 , 0.0154534 , 0
-0.702043,8.425,0.0149284 , 0.0149284 , 0
-0.702043,8.515,0.0144238 , 0.0144238 , 0
-0.702043,8.605,0.0139389 , 0.0139389 , 0
-0.702043,8.695,0.0134731 , 0.0134731 , 0
-0.702043,8.785,0.0130259 , 0.0130259 , 0
-0.702043,8.875,0.0125967 , 0.0125967 , 0
-0.702043,8.965,0.0121829 , 0.0121829 , 0
-0.702043,9.055,0.0117848 , 0.0117848 , 0
-0.702043,9.145,0.0114032 , 0.0114032 , 0
-0.702043,9.235,0.0110375 , 0.0110375 , 0
-0.702043,9.325,0.010687 , 0.010687 , 0
-0.702043,9.415,0.010351 , 0.010351 , 0
-0.702043,9.505,0.0100289 , 0.0100289 , 0
-0.702043,9.595,0.00972017 , 0.00972017 , 0
-0.702043,9.685,0.0094242 , 0.0094242 , 0
-0.702043,9.775,0.00914042 , 0.00914042 , 0
-0.702043,9.865,0.00886829 , 0.00886829 , 0
-0.702043,9.955,0.00860728 , 0.00860728 , 0
-0.698399,1.045,0.541495 , 0.541495 , 0
-0.698399,1.135,0.47024 , 0.47024 , 0
-0.698399,1.225,0.458974 , 0.458974 , 0
-0.698399,1.315,0.384746 , 0.384746 , 0
-0.698399,1.405,0.376335 , 0.376335 , 0
-0.698399,1.495,0.326809 , 0.326809 , 0
-0.698399,1.585,0.299905 , 0.299905 , 0
-0.698399,1.675,0.287775 , 0.287775 , 0
-0.698399,1.765,0.256945 , 0.256945 , 0
-0.698399,1.855,0.230692 , 0.230692 , 0
-0.698399,1.945,0.219169 , 0.219169 , 0
-0.698399,2.035,0.208769 , 0.208769 , 0
-0.698399,2.125,0.192579 , 0.192579 , 0
-0.698399,2.215,0.175193 , 0.175193 , 0
-0.698399,2.305,0.161379 , 0.161379 , 0
-0.698399,2.395,0.152144 , 0.152144 , 0
-0.698399,2.485,0.145249 , 0.145249 , 0
-0.698399,2.575,0.137992 , 0.137992 , 0
-0.698399,2.665,0.129685 , 0.129685 , 0
-0.698399,2.755,0.120851 , 0.120851 , 0
-0.698399,2.845,0.112288 , 0.112288 , 0
-0.698399,2.935,0.104628 , 0.104628 , 0
-0.698399,3.025,0.0983569 , 0.0983569 , 0
-0.698399,3.115,0.0933464 , 0.0933464 , 0
-0.698399,3.205,0.0891719 , 0.0891719 , 0
-0.698399,3.295,0.0854333 , 0.0854333 , 0
-0.698399,3.385,0.0818767 , 0.0818767 , 0
-0.698399,3.475,0.0782956 , 0.0782956 , 0
-0.698399,3.565,0.074593 , 0.074593 , 0
-0.698399,3.655,0.0707347 , 0.0707347 , 0
-0.698399,3.745,0.0668876 , 0.0668876 , 0
-0.698399,3.835,0.0631566 , 0.0631566 , 0
-0.698399,3.925,0.0596442 , 0.0596442 , 0
-0.698399,4.015,0.0564028 , 0.0564028 , 0
-0.698399,4.105,0.0534747 , 0.0534747 , 0
-0.698399,4.195,0.0509386 , 0.0509386 , 0
-0.698399,4.285,0.0487946 , 0.0487946 , 0
-0.698399,4.375,0.0470217 , 0.0470217 , 0
-0.698399,4.465,0.0455841 , 0.0455841 , 0
-0.698399,4.555,0.0443735 , 0.0443735 , 0
-0.698399,4.645,0.0434117 , 0.0434117 , 0
-0.698399,4.735,0.0426493 , 0.0426493 , 0
-0.698399,4.825,0.0420381 , 0.0420381 , 0
-0.698399,4.915,0.0415344 , 0.0415344 , 0
-0.698399,5.005,0.0410999 , 0.0410999 , 0
-0.698399,5.095,0.040684 , 0.040684 , 0
-0.698399,5.185,0.0402789 , 0.0402789 , 0
-0.698399,5.275,0.0398658 , 0.0398658 , 0
-0.698399,5.365,0.0394294 , 0.0394294 , 0
-0.698399,5.455,0.0389589 , 0.0389589 , 0
-0.698399,5.545,0.0384478 , 0.0384478 , 0
-0.698399,5.635,0.0378895 , 0.0378895 , 0
-0.698399,5.725,0.0372665 , 0.0372665 , 0
-0.698399,5.815,0.0366017 , 0.0366017 , 0
-0.698399,5.905,0.0358974 , 0.0358974 , 0
-0.698399,5.995,0.0351574 , 0.0351574 , 0
-0.698399,6.085,0.034386 , 0.034386 , 0
-0.698399,6.175,0.033588 , 0.033588 , 0
-0.698399,6.265,0.0327683 , 0.0327683 , 0
-0.698399,6.355,0.0319228 , 0.0319228 , 0
-0.698399,6.445,0.0310574 , 0.0310574 , 0
-0.698399,6.535,0.0301861 , 0.0301861 , 0
-0.698399,6.625,0.0293132 , 0.0293132 , 0
-0.698399,6.715,0.0284426 , 0.0284426 , 0
-0.698399,6.805,0.0275778 , 0.0275778 , 0
-0.698399,6.895,0.0267219 , 0.0267219 , 0
-0.698399,6.985,0.0258778 , 0.0258778 , 0
-0.698399,7.075,0.0250479 , 0.0250479 , 0
-0.698399,7.165,0.0242323 , 0.0242323 , 0
-0.698399,7.255,0.0234343 , 0.0234343 , 0
-0.698399,7.345,0.0226554 , 0.0226554 , 0
-0.698399,7.435,0.0218966 , 0.0218966 , 0
-0.698399,7.525,0.0211588 , 0.0211588 , 0
-0.698399,7.615,0.0204427 , 0.0204427 , 0
-0.698399,7.705,0.0197485 , 0.0197485 , 0
-0.698399,7.795,0.0190767 , 0.0190767 , 0
-0.698399,7.885,0.0184272 , 0.0184272 , 0
-0.698399,7.975,0.0177983 , 0.0177983 , 0
-0.698399,8.065,0.0171887 , 0.0171887 , 0
-0.698399,8.155,0.016601 , 0.016601 , 0
-0.698399,8.245,0.0160349 , 0.0160349 , 0
-0.698399,8.335,0.0154901 , 0.0154901 , 0
-0.698399,8.425,0.014966 , 0.014966 , 0
-0.698399,8.515,0.0144621 , 0.0144621 , 0
-0.698399,8.605,0.0139779 , 0.0139779 , 0
-0.698399,8.695,0.0135128 , 0.0135128 , 0
-0.698399,8.785,0.0130662 , 0.0130662 , 0
-0.698399,8.875,0.0126374 , 0.0126374 , 0
-0.698399,8.965,0.0122241 , 0.0122241 , 0
-0.698399,9.055,0.0118266 , 0.0118266 , 0
-0.698399,9.145,0.0114454 , 0.0114454 , 0
-0.698399,9.235,0.0110801 , 0.0110801 , 0
-0.698399,9.325,0.0107298 , 0.0107298 , 0
-0.698399,9.415,0.010394 , 0.010394 , 0
-0.698399,9.505,0.0100721 , 0.0100721 , 0
-0.698399,9.595,0.0097635 , 0.0097635 , 0
-0.698399,9.685,0.00946756 , 0.00946756 , 0
-0.698399,9.775,0.00918375 , 0.00918375 , 0
-0.698399,9.865,0.00891155 , 0.00891155 , 0
-0.698399,9.955,0.00865042 , 0.00865042 , 0
-0.694755,1.045,0.5512 , 0.5512 , 0
-0.694755,1.135,0.471232 , 0.471232 , 0
-0.694755,1.225,0.460883 , 0.460883 , 0
-0.694755,1.315,0.387492 , 0.387492 , 0
-0.694755,1.405,0.378973 , 0.378973 , 0
-0.694755,1.495,0.326945 , 0.326945 , 0
-0.694755,1.585,0.303265 , 0.303265 , 0
-0.694755,1.675,0.289341 , 0.289341 , 0
-0.694755,1.765,0.257118 , 0.257118 , 0
-0.694755,1.855,0.232105 , 0.232105 , 0
-0.694755,1.945,0.221229 , 0.221229 , 0
-0.694755,2.035,0.210073 , 0.210073 , 0
-0.694755,2.125,0.193081 , 0.193081 , 0
-0.694755,2.215,0.175624 , 0.175624 , 0
-0.694755,2.305,0.162196 , 0.162196 , 0
-0.694755,2.395,0.153274 , 0.153274 , 0
-0.694755,2.485,0.146387 , 0.146387 , 0
-0.694755,2.575,0.138907 , 0.138907 , 0
-0.694755,2.665,0.130323 , 0.130323 , 0
-0.694755,2.755,0.121295 , 0.121295 , 0
-0.694755,2.845,0.112658 , 0.112658 , 0
-0.694755,2.935,0.105017 , 0.105017 , 0
-0.694755,3.025,0.0988135 , 0.0988135 , 0
-0.694755,3.115,0.0938721 , 0.0938721 , 0
-0.694755,3.205,0.0897393 , 0.0897393 , 0
-0.694755,3.295,0.0860055 , 0.0860055 , 0
-0.694755,3.385,0.0824198 , 0.0824198 , 0
-0.694755,3.475,0.0787872 , 0.0787872 , 0
-0.694755,3.565,0.0750229 , 0.0750229 , 0
-0.694755,3.655,0.0711033 , 0.0711033 , 0
-0.694755,3.745,0.0672028 , 0.0672028 , 0
-0.694755,3.835,0.0634299 , 0.0634299 , 0
-0.694755,3.925,0.0598879 , 0.0598879 , 0
-0.694755,4.015,0.0566281 , 0.0566281 , 0
-0.694755,4.105,0.0536903 , 0.0536903 , 0
-0.694755,4.195,0.0511511 , 0.0511511 , 0
-0.694755,4.285,0.0490077 , 0.0490077 , 0
-0.694755,4.375,0.047237 , 0.047237 , 0
-0.694755,4.465,0.0458015 , 0.0458015 , 0
-0.694755,4.555,0.0445917 , 0.0445917 , 0
-0.694755,4.645,0.0436284 , 0.0436284 , 0
-0.694755,4.735,0.0428621 , 0.0428621 , 0
-0.694755,4.825,0.0422445 , 0.0422445 , 0
-0.694755,4.915,0.041732 , 0.041732 , 0
-0.694755,5.005,0.0412868 , 0.0412868 , 0
-0.694755,5.095,0.0408591 , 0.0408591 , 0
-0.694755,5.185,0.0404413 , 0.0404413 , 0
-0.694755,5.275,0.0400148 , 0.0400148 , 0
-0.694755,5.365,0.0395647 , 0.0395647 , 0
-0.694755,5.455,0.0390808 , 0.0390808 , 0
-0.694755,5.545,0.0385567 , 0.0385567 , 0
-0.694755,5.635,0.0379861 , 0.0379861 , 0
-0.694755,5.725,0.0373518 , 0.0373518 , 0
-0.694755,5.815,0.0366767 , 0.0366767 , 0
-0.694755,5.905,0.0359633 , 0.0359633 , 0
-0.694755,5.995,0.0352152 , 0.0352152 , 0
-0.694755,6.085,0.0344367 , 0.0344367 , 0
-0.694755,6.175,0.0336327 , 0.0336327 , 0
-0.694755,6.265,0.0328079 , 0.0328079 , 0
-0.694755,6.355,0.0319581 , 0.0319581 , 0
-0.694755,6.445,0.031089 , 0.031089 , 0
-0.694755,6.535,0.0302147 , 0.0302147 , 0
-0.694755,6.625,0.0293395 , 0.0293395 , 0
-0.694755,6.715,0.0284673 , 0.0284673 , 0
-0.694755,6.805,0.0276014 , 0.0276014 , 0
-0.694755,6.895,0.026745 , 0.026745 , 0
-0.694755,6.985,0.0259007 , 0.0259007 , 0
-0.694755,7.075,0.0250709 , 0.0250709 , 0
-0.694755,7.165,0.0242558 , 0.0242558 , 0
-0.694755,7.255,0.0234584 , 0.0234584 , 0
-0.694755,7.345,0.0226803 , 0.0226803 , 0
-0.694755,7.435,0.0219225 , 0.0219225 , 0
-0.694755,7.525,0.0211858 , 0.0211858 , 0
-0.694755,7.615,0.0204707 , 0.0204707 , 0
-0.694755,7.705,0.0197777 , 0.0197777 , 0
-0.694755,7.795,0.019107 , 0.019107 , 0
-0.694755,7.885,0.0184587 , 0.0184587 , 0
-0.694755,7.975,0.017831 , 0.017831 , 0
-0.694755,8.065,0.0172226 , 0.0172226 , 0
-0.694755,8.155,0.0166361 , 0.0166361 , 0
-0.694755,8.245,0.0160712 , 0.0160712 , 0
-0.694755,8.335,0.0155274 , 0.0155274 , 0
-0.694755,8.425,0.0150043 , 0.0150043 , 0
-0.694755,8.515,0.0145014 , 0.0145014 , 0
-0.694755,8.605,0.0140179 , 0.0140179 , 0
-0.694755,8.695,0.0135535 , 0.0135535 , 0
-0.694755,8.785,0.0131075 , 0.0131075 , 0
-0.694755,8.875,0.0126792 , 0.0126792 , 0
-0.694755,8.965,0.0122665 , 0.0122665 , 0
-0.694755,9.055,0.0118696 , 0.0118696 , 0
-0.694755,9.145,0.0114889 , 0.0114889 , 0
-0.694755,9.235,0.0111239 , 0.0111239 , 0
-0.694755,9.325,0.010774 , 0.010774 , 0
-0.694755,9.415,0.0104384 , 0.0104384 , 0
-0.694755,9.505,0.0101167 , 0.0101167 , 0
-0.694755,9.595,0.00980816 , 0.00980816 , 0
-0.694755,9.685,0.00951226 , 0.00951226 , 0
-0.694755,9.775,0.00922843 , 0.00922843 , 0
-0.694755,9.865,0.00895615 , 0.00895615 , 0
-0.694755,9.955,0.0086949 , 0.0086949 , 0
-0.691111,1.045,0.560405 , 0.560405 , 0
-0.691111,1.135,0.473618 , 0.473618 , 0
-0.691111,1.225,0.461774 , 0.461774 , 0
-0.691111,1.315,0.390953 , 0.390953 , 0
-0.691111,1.405,0.381069 , 0.381069 , 0
-0.691111,1.495,0.327412 , 0.327412 , 0
-0.691111,1.585,0.306713 , 0.306713 , 0
-0.691111,1.675,0.290606 , 0.290606 , 0
-0.691111,1.765,0.257338 , 0.257338 , 0
-0.691111,1.855,0.233716 , 0.233716 , 0
-0.691111,1.945,0.223304 , 0.223304 , 0
-0.691111,2.035,0.21127 , 0.21127 , 0
-0.691111,2.125,0.193529 , 0.193529 , 0
-0.691111,2.215,0.176098 , 0.176098 , 0
-0.691111,2.305,0.163089 , 0.163089 , 0
-0.691111,2.395,0.154448 , 0.154448 , 0
-0.691111,2.485,0.147518 , 0.147518 , 0
-0.691111,2.575,0.13978 , 0.13978 , 0
-0.691111,2.665,0.130916 , 0.130916 , 0
-0.691111,2.755,0.121709 , 0.121709 , 0
-0.691111,2.845,0.113022 , 0.113022 , 0
-0.691111,2.935,0.105422 , 0.105422 , 0
-0.691111,3.025,0.0993006 , 0.0993006 , 0
-0.691111,3.115,0.0944336 , 0.0944336 , 0
-0.691111,3.205,0.0903414 , 0.0903414 , 0
-0.691111,3.295,0.086607 , 0.086607 , 0
-0.691111,3.385,0.0829856 , 0.0829856 , 0
-0.691111,3.475,0.0792947 , 0.0792947 , 0
-0.691111,3.565,0.0754631 , 0.0754631 , 0
-0.691111,3.655,0.071478 , 0.071478 , 0
-0.691111,3.745,0.0675209 , 0.0675209 , 0
-0.691111,3.835,0.0637039 , 0.0637039 , 0
-0.691111,3.925,0.0601308 , 0.0601308 , 0
-0.691111,4.015,0.0568513 , 0.0568513 , 0
-0.691111,4.105,0.053903 , 0.053903 , 0
-0.691111,4.195,0.0513595 , 0.0513595 , 0
-0.691111,4.285,0.0492157 , 0.0492157 , 0
-0.691111,4.375,0.0474461 , 0.0474461 , 0
-0.691111,4.465,0.0460115 , 0.0460115 , 0
-0.691111,4.555,0.0448013 , 0.0448013 , 0
-0.691111,4.645,0.0438355 , 0.0438355 , 0
-0.691111,4.735,0.0430641 , 0.0430641 , 0
-0.691111,4.825,0.0424391 , 0.0424391 , 0
-0.691111,4.915,0.041917 , 0.041917 , 0
-0.691111,5.005,0.0414604 , 0.0414604 , 0
-0.691111,5.095,0.0410206 , 0.0410206 , 0
-0.691111,5.185,0.0405897 , 0.0405897 , 0
-0.691111,5.275,0.0401497 , 0.0401497 , 0
-0.691111,5.365,0.0396861 , 0.0396861 , 0
-0.691111,5.455,0.039189 , 0.039189 , 0
-0.691111,5.545,0.0386523 , 0.0386523 , 0
-0.691111,5.635,0.0380698 , 0.0380698 , 0
-0.691111,5.725,0.0374249 , 0.0374249 , 0
-0.691111,5.815,0.0367402 , 0.0367402 , 0
-0.691111,5.905,0.0360183 , 0.0360183 , 0
-0.691111,5.995,0.0352628 , 0.0352628 , 0
-0.691111,6.085,0.0344781 , 0.0344781 , 0
-0.691111,6.175,0.0336688 , 0.0336688 , 0
-0.691111,6.265,0.0328399 , 0.0328399 , 0
-0.691111,6.355,0.0319864 , 0.0319864 , 0
-0.691111,6.445,0.0311143 , 0.0311143 , 0
-0.691111,6.535,0.0302379 , 0.0302379 , 0
-0.691111,6.625,0.0293612 , 0.0293612 , 0
-0.691111,6.715,0.028488 , 0.028488 , 0
-0.691111,6.805,0.0276217 , 0.0276217 , 0
-0.691111,6.895,0.0267653 , 0.0267653 , 0
-0.691111,6.985,0.0259214 , 0.0259214 , 0
-0.691111,7.075,0.0250923 , 0.0250923 , 0
-0.691111,7.165,0.0242781 , 0.0242781 , 0
-0.691111,7.255,0.023482 , 0.023482 , 0
-0.691111,7.345,0.0227051 , 0.0227051 , 0
-0.691111,7.435,0.0219486 , 0.0219486 , 0
-0.691111,7.525,0.0212133 , 0.0212133 , 0
-0.691111,7.615,0.0204997 , 0.0204997 , 0
-0.691111,7.705,0.0198082 , 0.0198082 , 0
-0.691111,7.795,0.0191389 , 0.0191389 , 0
-0.691111,7.885,0.0184919 , 0.0184919 , 0
-0.691111,7.975,0.0178656 , 0.0178656 , 0
-0.691111,8.065,0.0172587 , 0.0172587 , 0
-0.691111,8.155,0.0166736 , 0.0166736 , 0
-0.691111,8.245,0.01611 , 0.01611 , 0
-0.691111,8.335,0.0155674 , 0.0155674 , 0
-0.691111,8.425,0.0150454 , 0.0150454 , 0
-0.691111,8.515,0.0145434 , 0.0145434 , 0
-0.691111,8.605,0.0140609 , 0.0140609 , 0
-0.691111,8.695,0.0135972 , 0.0135972 , 0
-0.691111,8.785,0.0131519 , 0.0131519 , 0
-0.691111,8.875,0.0127242 , 0.0127242 , 0
-0.691111,8.965,0.012312 , 0.012312 , 0
-0.691111,9.055,0.0119156 , 0.0119156 , 0
-0.691111,9.145,0.0115355 , 0.0115355 , 0
-0.691111,9.235,0.0111709 , 0.0111709 , 0
-0.691111,9.325,0.0108212 , 0.0108212 , 0
-0.691111,9.415,0.0104859 , 0.0104859 , 0
-0.691111,9.505,0.0101643 , 0.0101643 , 0
-0.691111,9.595,0.00985586 , 0.00985586 , 0
-0.691111,9.685,0.00955996 , 0.00955996 , 0
-0.691111,9.775,0.00927608 , 0.00927608 , 0
-0.691111,9.865,0.00900368 , 0.00900368 , 0
-0.691111,9.955,0.00874227 , 0.00874227 , 0
-0.687467,1.045,0.568585 , 0.568585 , 0
-0.687467,1.135,0.477564 , 0.477564 , 0
-0.687467,1.225,0.461645 , 0.461645 , 0
-0.687467,1.315,0.395202 , 0.395202 , 0
-0.687467,1.405,0.382579 , 0.382579 , 0
-0.687467,1.495,0.328345 , 0.328345 , 0
-0.687467,1.585,0.310162 , 0.310162 , 0
-0.687467,1.675,0.291518 , 0.291518 , 0
-0.687467,1.765,0.257692 , 0.257692 , 0
-0.687467,1.855,0.235608 , 0.235608 , 0
-0.687467,1.945,0.225413 , 0.225413 , 0
-0.687467,2.035,0.212356 , 0.212356 , 0
-0.687467,2.125,0.193933 , 0.193933 , 0
-0.687467,2.215,0.176635 , 0.176635 , 0
-0.687467,2.305,0.164071 , 0.164071 , 0
-0.687467,2.395,0.15566 , 0.15566 , 0
-0.687467,2.485,0.148619 , 0.148619 , 0
-0.687467,2.575,0.140585 , 0.140585 , 0
-0.687467,2.665,0.131439 , 0.131439 , 0
-0.687467,2.755,0.122083 , 0.122083 , 0
-0.687467,2.845,0.113387 , 0.113387 , 0
-0.687467,2.935,0.105865 , 0.105865 , 0
-0.687467,3.025,0.0998519 , 0.0998519 , 0
-0.687467,3.115,0.0950746 , 0.0950746 , 0
-0.687467,3.205,0.0910284 , 0.0910284 , 0
-0.687467,3.295,0.0872919 , 0.0872919 , 0
-0.687467,3.385,0.0836287 , 0.0836287 , 0
-0.687467,3.475,0.0798712 , 0.0798712 , 0
-0.687467,3.565,0.0759626 , 0.0759626 , 0
-0.687467,3.655,0.0719017 , 0.0719017 , 0
-0.687467,3.745,0.0678775 , 0.0678775 , 0
-0.687467,3.835,0.0640056 , 0.0640056 , 0
-0.687467,3.925,0.0603904 , 0.0603904 , 0
-0.687467,4.015,0.0570805 , 0.0570805 , 0
-0.687467,4.105,0.054111 , 0.054111 , 0
-0.687467,4.195,0.0515532 , 0.0515532 , 0
-0.687467,4.285,0.0493993 , 0.0493993 , 0
-0.687467,4.375,0.047622 , 0.047622 , 0
-0.687467,4.465,0.0461805 , 0.0461805 , 0
-0.687467,4.555,0.0449631 , 0.0449631 , 0
-0.687467,4.645,0.0439891 , 0.0439891 , 0
-0.687467,4.735,0.0432083 , 0.0432083 , 0
-0.687467,4.825,0.0425726 , 0.0425726 , 0
-0.687467,4.915,0.0420388 , 0.0420388 , 0
-0.687467,5.005,0.0415699 , 0.0415699 , 0
-0.687467,5.095,0.0411178 , 0.0411178 , 0
-0.687467,5.185,0.0406747 , 0.0406747 , 0
-0.687467,5.275,0.0402228 , 0.0402228 , 0
-0.687467,5.365,0.039748 , 0.039748 , 0
-0.687467,5.455,0.0392404 , 0.0392404 , 0
-0.687467,5.545,0.0386943 , 0.0386943 , 0
-0.687467,5.635,0.0381036 , 0.0381036 , 0
-0.687467,5.725,0.0374517 , 0.0374517 , 0
-0.687467,5.815,0.0367613 , 0.0367613 , 0
-0.687467,5.905,0.0360349 , 0.0360349 , 0
-0.687467,5.995,0.0352761 , 0.0352761 , 0
-0.687467,6.085,0.034489 , 0.034489 , 0
-0.687467,6.175,0.0336784 , 0.0336784 , 0
-0.687467,6.265,0.032849 , 0.032849 , 0
-0.687467,6.355,0.0319956 , 0.0319956 , 0
-0.687467,6.445,0.0311239 , 0.0311239 , 0
-0.687467,6.535,0.0302485 , 0.0302485 , 0
-0.687467,6.625,0.0293734 , 0.0293734 , 0
-0.687467,6.715,0.0285022 , 0.0285022 , 0
-0.687467,6.805,0.0276381 , 0.0276381 , 0
-0.687467,6.895,0.0267842 , 0.0267842 , 0
-0.687467,6.985,0.025943 , 0.025943 , 0
-0.687467,7.075,0.0251167 , 0.0251167 , 0
-0.687467,7.165,0.0243053 , 0.0243053 , 0
-0.687467,7.255,0.023512 , 0.023512 , 0
-0.687467,7.345,0.0227379 , 0.0227379 , 0
-0.687467,7.435,0.0219842 , 0.0219842 , 0
-0.687467,7.525,0.0212515 , 0.0212515 , 0
-0.687467,7.615,0.0205404 , 0.0205404 , 0
-0.687467,7.705,0.0198513 , 0.0198513 , 0
-0.687467,7.795,0.0191842 , 0.0191842 , 0
-0.687467,7.885,0.0185393 , 0.0185393 , 0
-0.687467,7.975,0.017915 , 0.017915 , 0
-0.687467,8.065,0.0173101 , 0.0173101 , 0
-0.687467,8.155,0.0167268 , 0.0167268 , 0
-0.687467,8.245,0.0161648 , 0.0161648 , 0
-0.687467,8.335,0.0156237 , 0.0156237 , 0
-0.687467,8.425,0.0151029 , 0.0151029 , 0
-0.687467,8.515,0.014602 , 0.014602 , 0
-0.687467,8.605,0.0141204 , 0.0141204 , 0
-0.687467,8.695,0.0136576 , 0.0136576 , 0
-0.687467,8.785,0.0132128 , 0.0132128 , 0
-0.687467,8.875,0.0127856 , 0.0127856 , 0
-0.687467,8.965,0.012374 , 0.012374 , 0
-0.687467,9.055,0.011978 , 0.011978 , 0
-0.687467,9.145,0.0115981 , 0.0115981 , 0
-0.687467,9.235,0.0112337 , 0.0112337 , 0
-0.687467,9.325,0.0108841 , 0.0108841 , 0
-0.687467,9.415,0.0105487 , 0.0105487 , 0
-0.687467,9.505,0.010227 , 0.010227 , 0
-0.687467,9.595,0.00991834 , 0.00991834 , 0
-0.687467,9.685,0.00962215 , 0.00962215 , 0
-0.687467,9.775,0.00933791 , 0.00933791 , 0
-0.687467,9.865,0.0090651 , 0.0090651 , 0
-0.687467,9.955,0.0088032 , 0.0088032 , 0
-0.683823,1.045,0.575568 , 0.575568 , 0
-0.683823,1.135,0.48224 , 0.48224 , 0
-0.683823,1.225,0.461098 , 0.461098 , 0
-0.683823,1.315,0.399698 , 0.399698 , 0
-0.683823,1.405,0.383623 , 0.383623 , 0
-0.683823,1.495,0.32943 , 0.32943 , 0
-0.683823,1.585,0.313527 , 0.313527 , 0
-0.683823,1.675,0.292345 , 0.292345 , 0
-0.683823,1.765,0.258134 , 0.258134 , 0
-0.683823,1.855,0.23748 , 0.23748 , 0
-0.683823,1.945,0.227348 , 0.227348 , 0
-0.683823,2.035,0.213282 , 0.213282 , 0
-0.683823,2.125,0.194281 , 0.194281 , 0
-0.683823,2.215,0.177189 , 0.177189 , 0
-0.683823,2.305,0.165081 , 0.165081 , 0
-0.683823,2.395,0.156885 , 0.156885 , 0
-0.683823,2.485,0.149722 , 0.149722 , 0
-0.683823,2.575,0.141393 , 0.141393 , 0
-0.683823,2.665,0.131977 , 0.131977 , 0
-0.683823,2.755,0.122477 , 0.122477 , 0
-0.683823,2.845,0.113765 , 0.113765 , 0
-0.683823,2.935,0.106302 , 0.106302 , 0
-0.683823,3.025,0.100369 , 0.100369 , 0
-0.683823,3.115,0.0956502 , 0.0956502 , 0
-0.683823,3.205,0.0916205 , 0.0916205 , 0
-0.683823,3.295,0.0878585 , 0.0878585 , 0
-0.683823,3.385,0.0841391 , 0.0841391 , 0
-0.683823,3.475,0.0803099 , 0.0803099 , 0
-0.683823,3.565,0.0763286 , 0.0763286 , 0
-0.683823,3.655,0.0722041 , 0.0722041 , 0
-0.683823,3.745,0.0681313 , 0.0681313 , 0
-0.683823,3.835,0.0642276 , 0.0642276 , 0
-0.683823,3.925,0.0605961 , 0.0605961 , 0
-0.683823,4.015,0.0572824 , 0.0572824 , 0
-0.683823,4.105,0.0543181 , 0.0543181 , 0
-0.683823,4.195,0.0517708 , 0.0517708 , 0
-0.683823,4.285,0.0496297 , 0.0496297 , 0
-0.683823,4.375,0.0478648 , 0.0478648 , 0
-0.683823,4.465,0.0464334 , 0.0464334 , 0
-0.683823,4.555,0.0452227 , 0.0452227 , 0
-0.683823,4.645,0.0442512 , 0.0442512 , 0
-0.683823,4.735,0.0434688 , 0.0434688 , 0
-0.683823,4.825,0.0428273 , 0.0428273 , 0
-0.683823,4.915,0.0422842 , 0.0422842 , 0
-0.683823,5.005,0.041803 , 0.041803 , 0
-0.683823,5.095,0.0413367 , 0.0413367 , 0
-0.683823,5.185,0.0408778 , 0.0408778 , 0
-0.683823,5.275,0.0404091 , 0.0404091 , 0
-0.683823,5.365,0.0399169 , 0.0399169 , 0
-0.683823,5.455,0.039392 , 0.039392 , 0
-0.683823,5.545,0.0388289 , 0.0388289 , 0
-0.683823,5.635,0.038222 , 0.038222 , 0
-0.683823,5.725,0.037555 , 0.037555 , 0
-0.683823,5.815,0.0368507 , 0.0368507 , 0
-0.683823,5.905,0.0361115 , 0.0361115 , 0
-0.683823,5.995,0.0353413 , 0.0353413 , 0
-0.683823,6.085,0.0345441 , 0.0345441 , 0
-0.683823,6.175,0.0337246 , 0.0337246 , 0
-0.683823,6.265,0.0328875 , 0.0328875 , 0
-0.683823,6.355,0.0320273 , 0.0320273 , 0
-0.683823,6.445,0.0311498 , 0.0311498 , 0
-0.683823,6.535,0.0302694 , 0.0302694 , 0
-0.683823,6.625,0.0293903 , 0.0293903 , 0
-0.683823,6.715,0.0285159 , 0.0285159 , 0
-0.683823,6.805,0.0276495 , 0.0276495 , 0
-0.683823,6.895,0.0267939 , 0.0267939 , 0
-0.683823,6.985,0.0259515 , 0.0259515 , 0
-0.683823,7.075,0.0251245 , 0.0251245 , 0
-0.683823,7.165,0.0243128 , 0.0243128 , 0
-0.683823,7.255,0.0235196 , 0.0235196 , 0
-0.683823,7.345,0.0227459 , 0.0227459 , 0
-0.683823,7.435,0.0219928 , 0.0219928 , 0
-0.683823,7.525,0.0212609 , 0.0212609 , 0
-0.683823,7.615,0.0205508 , 0.0205508 , 0
-0.683823,7.705,0.0198627 , 0.0198627 , 0
-0.683823,7.795,0.0191968 , 0.0191968 , 0
-0.683823,7.885,0.018553 , 0.018553 , 0
-0.683823,7.975,0.0179301 , 0.0179301 , 0
-0.683823,8.065,0.0173266 , 0.0173266 , 0
-0.683823,8.155,0.0167447 , 0.0167447 , 0
-0.683823,8.245,0.0161841 , 0.0161841 , 0
-0.683823,8.335,0.0156443 , 0.0156443 , 0
-0.683823,8.425,0.0151248 , 0.0151248 , 0
-0.683823,8.515,0.0146251 , 0.0146251 , 0
-0.683823,8.605,0.0141447 , 0.0141447 , 0
-0.683823,8.695,0.0136829 , 0.0136829 , 0
-0.683823,8.785,0.0132391 , 0.0132391 , 0
-0.683823,8.875,0.0128128 , 0.0128128 , 0
-0.683823,8.965,0.0124022 , 0.0124022 , 0
-0.683823,9.055,0.0120071 , 0.0120071 , 0
-0.683823,9.145,0.0116281 , 0.0116281 , 0
-0.683823,9.235,0.0112645 , 0.0112645 , 0
-0.683823,9.325,0.0109157 , 0.0109157 , 0
-0.683823,9.415,0.010581 , 0.010581 , 0
-0.683823,9.505,0.0102598 , 0.0102598 , 0
-0.683823,9.595,0.00995162 , 0.00995162 , 0
-0.683823,9.685,0.00965586 , 0.00965586 , 0
-0.683823,9.775,0.00937199 , 0.00937199 , 0
-0.683823,9.865,0.00909948 , 0.00909948 , 0
-0.683823,9.955,0.00883783 , 0.00883783 , 0
-0.680178,1.045,0.58098 , 0.58098 , 0
-0.680178,1.135,0.487973 , 0.487973 , 0
-0.680178,1.225,0.460058 , 0.460058 , 0
-0.680178,1.315,0.404594 , 0.404594 , 0
-0.680178,1.405,0.384188 , 0.384188 , 0
-0.680178,1.495,0.330921 , 0.330921 , 0
-0.680178,1.585,0.316796 , 0.316796 , 0
-0.680178,1.675,0.292964 , 0.292964 , 0
-0.680178,1.765,0.258723 , 0.258723 , 0
-0.680178,1.855,0.239481 , 0.239481 , 0
-0.680178,1.945,0.229208 , 0.229208 , 0
-0.680178,2.035,0.214092 , 0.214092 , 0
-0.680178,2.125,0.194615 , 0.194615 , 0
-0.680178,2.215,0.177812 , 0.177812 , 0
-0.680178,2.305,0.166164 , 0.166164 , 0
-0.680178,2.395,0.158133 , 0.158133 , 0
-0.680178,2.485,0.150802 , 0.150802 , 0
-0.680178,2.575,0.142159 , 0.142159 , 0
-0.680178,2.665,0.132479 , 0.132479 , 0
-0.680178,2.755,0.122856 , 0.122856 , 0
-0.680178,2.845,0.114149 , 0.114149 , 0
-0.680178,2.935,0.106758 , 0.106758 , 0
-0.680178,3.025,0.10091 , 0.10091 , 0
-0.680178,3.115,0.0962465 , 0.0962465 , 0
-0.680178,3.205,0.0922265 , 0.0922265 , 0
-0.680178,3.295,0.0884314 , 0.0884314 , 0
-0.680178,3.385,0.0846489 , 0.0846489 , 0
-0.680178,3.475,0.0807435 , 0.0807435 , 0
-0.680178,3.565,0.0766871 , 0.0766871 , 0
-0.680178,3.655,0.0724986 , 0.0724986 , 0
-0.680178,3.745,0.0683783 , 0.0683783 , 0
-0.680178,3.835,0.0644446 , 0.0644446 , 0
-0.680178,3.925,0.060799 , 0.060799 , 0
-0.680178,4.015,0.0574837 , 0.0574837 , 0
-0.680178,4.105,0.0545264 , 0.0545264 , 0
-0.680178,4.195,0.0519911 , 0.0519911 , 0
-0.680178,4.285,0.0498637 , 0.0498637 , 0
-0.680178,4.375,0.0481115 , 0.0481115 , 0
-0.680178,4.465,0.0466903 , 0.0466903 , 0
-0.680178,4.555,0.045486 , 0.045486 , 0
-0.680178,4.645,0.0445166 , 0.0445166 , 0
-0.680178,4.735,0.0437317 , 0.0437317 , 0
-0.680178,4.825,0.0430837 , 0.0430837 , 0
-0.680178,4.915,0.0425304 , 0.0425304 , 0
-0.680178,5.005,0.042036 , 0.042036 , 0
-0.680178,5.095,0.0415548 , 0.0415548 , 0
-0.680178,5.185,0.0410795 , 0.0410795 , 0
-0.680178,5.275,0.0405932 , 0.0405932 , 0
-0.680178,5.365,0.0400832 , 0.0400832 , 0
-0.680178,5.455,0.0395405 , 0.0395405 , 0
-0.680178,5.545,0.0389601 , 0.0389601 , 0
-0.680178,5.635,0.0383367 , 0.0383367 , 0
-0.680178,5.725,0.0376545 , 0.0376545 , 0
-0.680178,5.815,0.0369361 , 0.0369361 , 0
-0.680178,5.905,0.0361842 , 0.0361842 , 0
-0.680178,5.995,0.0354025 , 0.0354025 , 0
-0.680178,6.085,0.0345952 , 0.0345952 , 0
-0.680178,6.175,0.0337669 , 0.0337669 , 0
-0.680178,6.265,0.0329223 , 0.0329223 , 0
-0.680178,6.355,0.0320554 , 0.0320554 , 0
-0.680178,6.445,0.031172 , 0.031172 , 0
-0.680178,6.535,0.030287 , 0.030287 , 0
-0.680178,6.625,0.029404 , 0.029404 , 0
-0.680178,6.715,0.0285267 , 0.0285267 , 0
-0.680178,6.805,0.027658 , 0.027658 , 0
-0.680178,6.895,0.0268008 , 0.0268008 , 0
-0.680178,6.985,0.0259574 , 0.0259574 , 0
-0.680178,7.075,0.0251299 , 0.0251299 , 0
-0.680178,7.165,0.0243182 , 0.0243182 , 0
-0.680178,7.255,0.0235251 , 0.0235251 , 0
-0.680178,7.345,0.022752 , 0.022752 , 0
-0.680178,7.435,0.0219996 , 0.0219996 , 0
-0.680178,7.525,0.0212687 , 0.0212687 , 0
-0.680178,7.615,0.0205596 , 0.0205596 , 0
-0.680178,7.705,0.0198727 , 0.0198727 , 0
-0.680178,7.795,0.0192081 , 0.0192081 , 0
-0.680178,7.885,0.0185656 , 0.0185656 , 0
-0.680178,7.975,0.0179441 , 0.0179441 , 0
-0.680178,8.065,0.0173422 , 0.0173422 , 0
-0.680178,8.155,0.0167618 , 0.0167618 , 0
-0.680178,8.245,0.0162027 , 0.0162027 , 0
-0.680178,8.335,0.0156643 , 0.0156643 , 0
-0.680178,8.425,0.0151461 , 0.0151461 , 0
-0.680178,8.515,0.0146477 , 0.0146477 , 0
-0.680178,8.605,0.0141685 , 0.0141685 , 0
-0.680178,8.695,0.0137078 , 0.0137078 , 0
-0.680178,8.785,0.0132651 , 0.0132651 , 0
-0.680178,8.875,0.0128398 , 0.0128398 , 0
-0.680178,8.965,0.0124301 , 0.0124301 , 0
-0.680178,9.055,0.0120361 , 0.0120361 , 0
-0.680178,9.145,0.011658 , 0.011658 , 0
-0.680178,9.235,0.0112953 , 0.0112953 , 0
-0.680178,9.325,0.0109472 , 0.0109472 , 0
-0.680178,9.415,0.0106131 , 0.0106131 , 0
-0.680178,9.505,0.0102926 , 0.0102926 , 0
-0.680178,9.595,0.00998491 , 0.00998491 , 0
-0.680178,9.685,0.00968961 , 0.00968961 , 0
-0.680178,9.775,0.00940613 , 0.00940613 , 0
-0.680178,9.865,0.00913394 , 0.00913394 , 0
-0.680178,9.955,0.00887255 , 0.00887255 , 0
-0.676534,1.045,0.584647 , 0.584647 , 0
-0.676534,1.135,0.49454 , 0.49454 , 0
-0.676534,1.225,0.458747 , 0.458747 , 0
-0.676534,1.315,0.409738 , 0.409738 , 0
-0.676534,1.405,0.384345 , 0.384345 , 0
-0.676534,1.495,0.332832 , 0.332832 , 0
-0.676534,1.585,0.319909 , 0.319909 , 0
-0.676534,1.675,0.293407 , 0.293407 , 0
-0.676534,1.765,0.259484 , 0.259484 , 0
-0.676534,1.855,0.241588 , 0.241588 , 0
-0.676534,1.945,0.230972 , 0.230972 , 0
-0.676534,2.035,0.214793 , 0.214793 , 0
-0.676534,2.125,0.194951 , 0.194951 , 0
-0.676534,2.215,0.178514 , 0.178514 , 0
-0.676534,2.305,0.167315 , 0.167315 , 0
-0.676534,2.395,0.159397 , 0.159397 , 0
-0.676534,2.485,0.151851 , 0.151851 , 0
-0.676534,2.575,0.14288 , 0.14288 , 0
-0.676534,2.665,0.132948 , 0.132948 , 0
-0.676534,2.755,0.123224 , 0.123224 , 0
-0.676534,2.845,0.114543 , 0.114543 , 0
-0.676534,2.935,0.107236 , 0.107236 , 0
-0.676534,3.025,0.101476 , 0.101476 , 0
-0.676534,3.115,0.0968632 , 0.0968632 , 0
-0.676534,3.205,0.0928452 , 0.0928452 , 0
-0.676534,3.295,0.0890088 , 0.0890088 , 0
-0.676534,3.385,0.0851567 , 0.0851567 , 0
-0.676534,3.475,0.0811708 , 0.0811708 , 0
-0.676534,3.565,0.0770373 , 0.0770373 , 0
-0.676534,3.655,0.072785 , 0.072785 , 0
-0.676534,3.745,0.0686187 , 0.0686187 , 0
-0.676534,3.835,0.0646571 , 0.0646571 , 0
-0.676534,3.925,0.0609997 , 0.0609997 , 0
-0.676534,4.015,0.057685 , 0.057685 , 0
-0.676534,4.105,0.0547365 , 0.0547365 , 0
-0.676534,4.195,0.0522145 , 0.0522145 , 0
-0.676534,4.285,0.0501015 , 0.0501015 , 0
-0.676534,4.375,0.0483625 , 0.0483625 , 0
-0.676534,4.465,0.0469512 , 0.0469512 , 0
-0.676534,4.555,0.0457529 , 0.0457529 , 0
-0.676534,4.645,0.0447849 , 0.0447849 , 0
-0.676534,4.735,0.0439967 , 0.0439967 , 0
-0.676534,4.825,0.0433413 , 0.0433413 , 0
-0.676534,4.915,0.042777 , 0.042777 , 0
-0.676534,5.005,0.0422685 , 0.0422685 , 0
-0.676534,5.095,0.0417716 , 0.0417716 , 0
-0.676534,5.185,0.041279 , 0.041279 , 0
-0.676534,5.275,0.0407747 , 0.0407747 , 0
-0.676534,5.365,0.0402463 , 0.0402463 , 0
-0.676534,5.455,0.0396854 , 0.0396854 , 0
-0.676534,5.545,0.0390874 , 0.0390874 , 0
-0.676534,5.635,0.0384473 , 0.0384473 , 0
-0.676534,5.725,0.0377496 , 0.0377496 , 0
-0.676534,5.815,0.0370171 , 0.0370171 , 0
-0.676534,5.905,0.0362524 , 0.0362524 , 0
-0.676534,5.995,0.0354593 , 0.0354593 , 0
-0.676534,6.085,0.034642 , 0.034642 , 0
-0.676534,6.175,0.0338051 , 0.0338051 , 0
-0.676534,6.265,0.032953 , 0.032953 , 0
-0.676534,6.355,0.0320796 , 0.0320796 , 0
-0.676534,6.445,0.0311906 , 0.0311906 , 0
-0.676534,6.535,0.030301 , 0.030301 , 0
-0.676534,6.625,0.0294144 , 0.0294144 , 0
-0.676534,6.715,0.0285343 , 0.0285343 , 0
-0.676534,6.805,0.0276636 , 0.0276636 , 0
-0.676534,6.895,0.026805 , 0.026805 , 0
-0.676534,6.985,0.0259608 , 0.0259608 , 0
-0.676534,7.075,0.025133 , 0.025133 , 0
-0.676534,7.165,0.0243213 , 0.0243213 , 0
-0.676534,7.255,0.0235287 , 0.0235287 , 0
-0.676534,7.345,0.0227562 , 0.0227562 , 0
-0.676534,7.435,0.0220048 , 0.0220048 , 0
-0.676534,7.525,0.021275 , 0.021275 , 0
-0.676534,7.615,0.0205671 , 0.0205671 , 0
-0.676534,7.705,0.0198815 , 0.0198815 , 0
-0.676534,7.795,0.0192182 , 0.0192182 , 0
-0.676534,7.885,0.0185772 , 0.0185772 , 0
-0.676534,7.975,0.0179572 , 0.0179572 , 0
-0.676534,8.065,0.0173569 , 0.0173569 , 0
-0.676534,8.155,0.0167782 , 0.0167782 , 0
-0.676534,8.245,0.0162206 , 0.0162206 , 0
-0.676534,8.335,0.0156837 , 0.0156837 , 0
-0.676534,8.425,0.015167 , 0.015167 , 0
-0.676534,8.515,0.0146699 , 0.0146699 , 0
-0.676534,8.605,0.0141919 , 0.0141919 , 0
-0.676534,8.695,0.0137324 , 0.0137324 , 0
-0.676534,8.785,0.0132908 , 0.0132908 , 0
-0.676534,8.875,0.0128665 , 0.0128665 , 0
-0.676534,8.965,0.0124579 , 0.0124579 , 0
-0.676534,9.055,0.012065 , 0.012065 , 0
-0.676534,9.145,0.0116879 , 0.0116879 , 0
-0.676534,9.235,0.011326 , 0.011326 , 0
-0.676534,9.325,0.0109786 , 0.0109786 , 0
-0.676534,9.415,0.0106453 , 0.0106453 , 0
-0.676534,9.505,0.0103254 , 0.0103254 , 0
-0.676534,9.595,0.0100183 , 0.0100183 , 0
-0.676534,9.685,0.00972346 , 0.00972346 , 0
-0.676534,9.775,0.00944038 , 0.00944038 , 0
-0.676534,9.865,0.00916854 , 0.00916854 , 0
-0.676534,9.955,0.00890744 , 0.00890744 , 0
-0.67289,1.045,0.586539 , 0.586539 , 0
-0.67289,1.135,0.501661 , 0.501661 , 0
-0.67289,1.225,0.457395 , 0.457395 , 0
-0.67289,1.315,0.41496 , 0.41496 , 0
-0.67289,1.405,0.384192 , 0.384192 , 0
-0.67289,1.495,0.335157 , 0.335157 , 0
-0.67289,1.585,0.32281 , 0.32281 , 0
-0.67289,1.675,0.29371 , 0.29371 , 0
-0.67289,1.765,0.260435 , 0.260435 , 0
-0.67289,1.855,0.243776 , 0.243776 , 0
-0.67289,1.945,0.232623 , 0.232623 , 0
-0.67289,2.035,0.215395 , 0.215395 , 0
-0.67289,2.125,0.195307 , 0.195307 , 0
-0.67289,2.215,0.179301 , 0.179301 , 0
-0.67289,2.305,0.168529 , 0.168529 , 0
-0.67289,2.395,0.160665 , 0.160665 , 0
-0.67289,2.485,0.152861 , 0.152861 , 0
-0.67289,2.575,0.143552 , 0.143552 , 0
-0.67289,2.665,0.133384 , 0.133384 , 0
-0.67289,2.755,0.123585 , 0.123585 , 0
-0.67289,2.845,0.114951 , 0.114951 , 0
-0.67289,2.935,0.107739 , 0.107739 , 0
-0.67289,3.025,0.102067 , 0.102067 , 0
-0.67289,3.115,0.0975 , 0.0975 , 0
-0.67289,3.205,0.0934754 , 0.0934754 , 0
-0.67289,3.295,0.0895893 , 0.0895893 , 0
-0.67289,3.385,0.0856611 , 0.0856611 , 0
-0.67289,3.475,0.0815907 , 0.0815907 , 0
-0.67289,3.565,0.0773788 , 0.0773788 , 0
-0.67289,3.655,0.0730632 , 0.0730632 , 0
-0.67289,3.745,0.0688525 , 0.0688525 , 0
-0.67289,3.835,0.0648655 , 0.0648655 , 0
-0.67289,3.925,0.0611988 , 0.0611988 , 0
-0.67289,4.015,0.0578869 , 0.0578869 , 0
-0.67289,4.105,0.0549489 , 0.0549489 , 0
-0.67289,4.195,0.0524414 , 0.0524414 , 0
-0.67289,4.285,0.0503435 , 0.0503435 , 0
-0.67289,4.375,0.0486177 , 0.0486177 , 0
-0.67289,4.465,0.0472162 , 0.0472162 , 0
-0.67289,4.555,0.0460233 , 0.0460233 , 0
-0.67289,4.645,0.0450557 , 0.0450557 , 0
-0.67289,4.735,0.0442634 , 0.0442634 , 0
-0.67289,4.825,0.0435996 , 0.0435996 , 0
-0.67289,4.915,0.0430232 , 0.0430232 , 0
-0.67289,5.005,0.0424998 , 0.0424998 , 0
-0.67289,5.095,0.0419863 , 0.0419863 , 0
-0.67289,5.185,0.0414758 , 0.0414758 , 0
-0.67289,5.275,0.0409528 , 0.0409528 , 0
-0.67289,5.365,0.0404055 , 0.0404055 , 0
-0.67289,5.455,0.0398261 , 0.0398261 , 0
-0.67289,5.545,0.0392102 , 0.0392102 , 0
-0.67289,5.635,0.0385532 , 0.0385532 , 0
-0.67289,5.725,0.03784 , 0.03784 , 0
-0.67289,5.815,0.0370933 , 0.0370933 , 0
-0.67289,5.905,0.0363159 , 0.0363159 , 0
-0.67289,5.995,0.0355115 , 0.0355115 , 0
-0.67289,6.085,0.0346843 , 0.0346843 , 0
-0.67289,6.175,0.0338388 , 0.0338388 , 0
-0.67289,6.265,0.0329794 , 0.0329794 , 0
-0.67289,6.355,0.0320998 , 0.0320998 , 0
-0.67289,6.445,0.0312054 , 0.0312054 , 0
-0.67289,6.535,0.0303114 , 0.0303114 , 0
-0.67289,6.625,0.0294214 , 0.0294214 , 0
-0.67289,6.715,0.0285387 , 0.0285387 , 0
-0.67289,6.805,0.0276662 , 0.0276662 , 0
-0.67289,6.895,0.0268065 , 0.0268065 , 0
-0.67289,6.985,0.0259617 , 0.0259617 , 0
-0.67289,7.075,0.0251337 , 0.0251337 , 0
-0.67289,7.165,0.0243223 , 0.0243223 , 0
-0.67289,7.255,0.0235303 , 0.0235303 , 0
-0.67289,7.345,0.0227587 , 0.0227587 , 0
-0.67289,7.435,0.0220083 , 0.0220083 , 0
-0.67289,7.525,0.0212797 , 0.0212797 , 0
-0.67289,7.615,0.0205733 , 0.0205733 , 0
-0.67289,7.705,0.0198891 , 0.0198891 , 0
-0.67289,7.795,0.0192273 , 0.0192273 , 0
-0.67289,7.885,0.0185879 , 0.0185879 , 0
-0.67289,7.975,0.0179694 , 0.0179694 , 0
-0.67289,8.065,0.0173709 , 0.0173709 , 0
-0.67289,8.155,0.0167939 , 0.0167939 , 0
-0.67289,8.245,0.0162379 , 0.0162379 , 0
-0.67289,8.335,0.0157026 , 0.0157026 , 0
-0.67289,8.425,0.0151874 , 0.0151874 , 0
-0.67289,8.515,0.0146917 , 0.0146917 , 0
-0.67289,8.605,0.0142151 , 0.0142151 , 0
-0.67289,8.695,0.0137568 , 0.0137568 , 0
-0.67289,8.785,0.0133164 , 0.0133164 , 0
-0.67289,8.875,0.0128931 , 0.0128931 , 0
-0.67289,8.965,0.0124856 , 0.0124856 , 0
-0.67289,9.055,0.0120938 , 0.0120938 , 0
-0.67289,9.145,0.0117177 , 0.0117177 , 0
-0.67289,9.235,0.0113567 , 0.0113567 , 0
-0.67289,9.325,0.0110102 , 0.0110102 , 0
-0.67289,9.415,0.0106776 , 0.0106776 , 0
-0.67289,9.505,0.0103583 , 0.0103583 , 0
-0.67289,9.595,0.0100518 , 0.0100518 , 0
-0.67289,9.685,0.00975749 , 0.00975749 , 0
-0.67289,9.775,0.00947483 , 0.00947483 , 0
-0.67289,9.865,0.00920335 , 0.00920335 , 0
-0.67289,9.955,0.00894254 , 0.00894254 , 0
-0.669246,1.045,0.586773 , 0.586773 , 0
-0.669246,1.135,0.509021 , 0.509021 , 0
-0.669246,1.225,0.456233 , 0.456233 , 0
-0.669246,1.315,0.42009 , 0.42009 , 0
-0.669246,1.405,0.383839 , 0.383839 , 0
-0.669246,1.495,0.33787 , 0.33787 , 0
-0.669246,1.585,0.32545 , 0.32545 , 0
-0.669246,1.675,0.293917 , 0.293917 , 0
-0.669246,1.765,0.261591 , 0.261591 , 0
-0.669246,1.855,0.246016 , 0.246016 , 0
-0.669246,1.945,0.234148 , 0.234148 , 0
-0.669246,2.035,0.215911 , 0.215911 , 0
-0.669246,2.125,0.1957 , 0.1957 , 0
-0.669246,2.215,0.180176 , 0.180176 , 0
-0.669246,2.305,0.169798 , 0.169798 , 0
-0.669246,2.395,0.161927 , 0.161927 , 0
-0.669246,2.485,0.153827 , 0.153827 , 0
-0.669246,2.575,0.144176 , 0.144176 , 0
-0.669246,2.665,0.133792 , 0.133792 , 0
-0.669246,2.755,0.123944 , 0.123944 , 0
-0.669246,2.845,0.115377 , 0.115377 , 0
-0.669246,2.935,0.108269 , 0.108269 , 0
-0.669246,3.025,0.102685 , 0.102685 , 0
-0.669246,3.115,0.0981562 , 0.0981562 , 0
-0.669246,3.205,0.0941156 , 0.0941156 , 0
-0.669246,3.295,0.0901712 , 0.0901712 , 0
-0.669246,3.385,0.0861606 , 0.0861606 , 0
-0.669246,3.475,0.0820023 , 0.0820023 , 0
-0.669246,3.565,0.077711 , 0.077711 , 0
-0.669246,3.655,0.0733331 , 0.0733331 , 0
-0.669246,3.745,0.0690802 , 0.0690802 , 0
-0.669246,3.835,0.0650703 , 0.0650703 , 0
-0.669246,3.925,0.0613969 , 0.0613969 , 0
-0.669246,4.015,0.05809 , 0.05809 , 0
-0.669246,4.105,0.0551642 , 0.0551642 , 0
-0.669246,4.195,0.0526722 , 0.0526722 , 0
-0.669246,4.285,0.0505898 , 0.0505898 , 0
-0.669246,4.375,0.0488772 , 0.0488772 , 0
-0.669246,4.465,0.047485 , 0.047485 , 0
-0.669246,4.555,0.0462967 , 0.0462967 , 0
-0.669246,4.645,0.0453287 , 0.0453287 , 0
-0.669246,4.735,0.0445312 , 0.0445312 , 0
-0.669246,4.825,0.0438579 , 0.0438579 , 0
-0.669246,4.915,0.0432684 , 0.0432684 , 0
-0.669246,5.005,0.0427292 , 0.0427292 , 0
-0.669246,5.095,0.0421983 , 0.0421983 , 0
-0.669246,5.185,0.0416691 , 0.0416691 , 0
-0.669246,5.275,0.0411268 , 0.0411268 , 0
-0.669246,5.365,0.0405602 , 0.0405602 , 0
-0.669246,5.455,0.0399619 , 0.0399619 , 0
-0.669246,5.545,0.0393278 , 0.0393278 , 0
-0.669246,5.635,0.0386538 , 0.0386538 , 0
-0.669246,5.725,0.0379251 , 0.0379251 , 0
-0.669246,5.815,0.0371642 , 0.0371642 , 0
-0.669246,5.905,0.0363742 , 0.0363742 , 0
-0.669246,5.995,0.0355586 , 0.0355586 , 0
-0.669246,6.085,0.0347216 , 0.0347216 , 0
-0.669246,6.175,0.0338677 , 0.0338677 , 0
-0.669246,6.265,0.0330014 , 0.0330014 , 0
-0.669246,6.355,0.0321157 , 0.0321157 , 0
-0.669246,6.445,0.0312162 , 0.0312162 , 0
-0.669246,6.535,0.0303181 , 0.0303181 , 0
-0.669246,6.625,0.0294249 , 0.0294249 , 0
-0.669246,6.715,0.0285399 , 0.0285399 , 0
-0.669246,6.805,0.0276658 , 0.0276658 , 0
-0.669246,6.895,0.0268052 , 0.0268052 , 0
-0.669246,6.985,0.02596 , 0.02596 , 0
-0.669246,7.075,0.0251321 , 0.0251321 , 0
-0.669246,7.165,0.0243212 , 0.0243212 , 0
-0.669246,7.255,0.02353 , 0.02353 , 0
-0.669246,7.345,0.0227594 , 0.0227594 , 0
-0.669246,7.435,0.0220103 , 0.0220103 , 0
-0.669246,7.525,0.0212831 , 0.0212831 , 0
-0.669246,7.615,0.0205782 , 0.0205782 , 0
-0.669246,7.705,0.0198956 , 0.0198956 , 0
-0.669246,7.795,0.0192355 , 0.0192355 , 0
-0.669246,7.885,0.0185976 , 0.0185976 , 0
-0.669246,7.975,0.0179809 , 0.0179809 , 0
-0.669246,8.065,0.0173843 , 0.0173843 , 0
-0.669246,8.155,0.016809 , 0.016809 , 0
-0.669246,8.245,0.0162548 , 0.0162548 , 0
-0.669246,8.335,0.0157212 , 0.0157212 , 0
-0.669246,8.425,0.0152075 , 0.0152075 , 0
-0.669246,8.515,0.0147134 , 0.0147134 , 0
-0.669246,8.605,0.0142381 , 0.0142381 , 0
-0.669246,8.695,0.0137811 , 0.0137811 , 0
-0.669246,8.785,0.0133419 , 0.0133419 , 0
-0.669246,8.875,0.0129197 , 0.0129197 , 0
-0.669246,8.965,0.0125134 , 0.0125134 , 0
-0.669246,9.055,0.0121227 , 0.0121227 , 0
-0.669246,9.145,0.0117476 , 0.0117476 , 0
-0.669246,9.235,0.0113876 , 0.0113876 , 0
-0.669246,9.325,0.011042 , 0.011042 , 0
-0.669246,9.415,0.0107101 , 0.0107101 , 0
-0.669246,9.505,0.0103915 , 0.0103915 , 0
-0.669246,9.595,0.0100856 , 0.0100856 , 0
-0.669246,9.685,0.00979178 , 0.00979178 , 0
-0.669246,9.775,0.00950957 , 0.00950957 , 0
-0.669246,9.865,0.00923846 , 0.00923846 , 0
-0.669246,9.955,0.00897797 , 0.00897797 , 0
-0.665602,1.045,0.585613 , 0.585613 , 0
-0.665602,1.135,0.516287 , 0.516287 , 0
-0.665602,1.225,0.455469 , 0.455469 , 0
-0.665602,1.315,0.424964 , 0.424964 , 0
-0.665602,1.405,0.383412 , 0.383412 , 0
-0.665602,1.495,0.340927 , 0.340927 , 0
-0.665602,1.585,0.327789 , 0.327789 , 0
-0.665602,1.675,0.294075 , 0.294075 , 0
-0.665602,1.765,0.262959 , 0.262959 , 0
-0.665602,1.855,0.248279 , 0.248279 , 0
-0.665602,1.945,0.235537 , 0.235537 , 0
-0.665602,2.035,0.216356 , 0.216356 , 0
-0.665602,2.125,0.196145 , 0.196145 , 0
-0.665602,2.215,0.181143 , 0.181143 , 0
-0.665602,2.305,0.171114 , 0.171114 , 0
-0.665602,2.395,0.163173 , 0.163173 , 0
-0.665602,2.485,0.154741 , 0.154741 , 0
-0.665602,2.575,0.14475 , 0.14475 , 0
-0.665602,2.665,0.134175 , 0.134175 , 0
-0.665602,2.755,0.124306 , 0.124306 , 0
-0.665602,2.845,0.115825 , 0.115825 , 0
-0.665602,2.935,0.108829 , 0.108829 , 0
-0.665602,3.025,0.10333 , 0.10333 , 0
-0.665602,3.115,0.0988312 , 0.0988312 , 0
-0.665602,3.205,0.0947647 , 0.0947647 , 0
-0.665602,3.295,0.0907532 , 0.0907532 , 0
-0.665602,3.385,0.0866542 , 0.0866542 , 0
-0.665602,3.475,0.0824049 , 0.0824049 , 0
-0.665602,3.565,0.0780338 , 0.0780338 , 0
-0.665602,3.655,0.073595 , 0.073595 , 0
-0.665602,3.745,0.0693023 , 0.0693023 , 0
-0.665602,3.835,0.0652723 , 0.0652723 , 0
-0.665602,3.925,0.0615947 , 0.0615947 , 0
-0.665602,4.015,0.0582949 , 0.0582949 , 0
-0.665602,4.105,0.0553828 , 0.0553828 , 0
-0.665602,4.195,0.0529071 , 0.0529071 , 0
-0.665602,4.285,0.0508405 , 0.0508405 , 0
-0.665602,4.375,0.0491408 , 0.0491408 , 0
-0.665602,4.465,0.0477572 , 0.0477572 , 0
-0.665602,4.555,0.0465726 , 0.0465726 , 0
-0.665602,4.645,0.0456031 , 0.0456031 , 0
-0.665602,4.735,0.0447993 , 0.0447993 , 0
-0.665602,4.825,0.0441152 , 0.0441152 , 0
-0.665602,4.915,0.0435116 , 0.0435116 , 0
-0.665602,5.005,0.0429556 , 0.0429556 , 0
-0.665602,5.095,0.0424064 , 0.0424064 , 0
-0.665602,5.185,0.0418579 , 0.0418579 , 0
-0.665602,5.275,0.0412958 , 0.0412958 , 0
-0.665602,5.365,0.0407093 , 0.0407093 , 0
-0.665602,5.455,0.0400918 , 0.0400918 , 0
-0.665602,5.545,0.0394394 , 0.0394394 , 0
-0.665602,5.635,0.0387483 , 0.0387483 , 0
-0.665602,5.725,0.0380041 , 0.0380041 , 0
-0.665602,5.815,0.0372292 , 0.0372292 , 0
-0.665602,5.905,0.0364266 , 0.0364266 , 0
-0.665602,5.995,0.0356 , 0.0356 , 0
-0.665602,6.085,0.0347535 , 0.0347535 , 0
-0.665602,6.175,0.0338916 , 0.0338916 , 0
-0.665602,6.265,0.0330185 , 0.0330185 , 0
-0.665602,6.355,0.032127 , 0.032127 , 0
-0.665602,6.445,0.0312226 , 0.0312226 , 0
-0.665602,6.535,0.0303207 , 0.0303207 , 0
-0.665602,6.625,0.0294247 , 0.0294247 , 0
-0.665602,6.715,0.0285377 , 0.0285377 , 0
-0.665602,6.805,0.0276624 , 0.0276624 , 0
-0.665602,6.895,0.026801 , 0.026801 , 0
-0.665602,6.985,0.0259557 , 0.0259557 , 0
-0.665602,7.075,0.0251282 , 0.0251282 , 0
-0.665602,7.165,0.024318 , 0.024318 , 0
-0.665602,7.255,0.0235278 , 0.0235278 , 0
-0.665602,7.345,0.0227585 , 0.0227585 , 0
-0.665602,7.435,0.0220108 , 0.0220108 , 0
-0.665602,7.525,0.0212852 , 0.0212852 , 0
-0.665602,7.615,0.0205819 , 0.0205819 , 0
-0.665602,7.705,0.0199011 , 0.0199011 , 0
-0.665602,7.795,0.0192428 , 0.0192428 , 0
-0.665602,7.885,0.0186067 , 0.0186067 , 0
-0.665602,7.975,0.0179919 , 0.0179919 , 0
-0.665602,8.065,0.0173972 , 0.0173972 , 0
-0.665602,8.155,0.0168238 , 0.0168238 , 0
-0.665602,8.245,0.0162715 , 0.0162715 , 0
-0.665602,8.335,0.0157395 , 0.0157395 , 0
-0.665602,8.425,0.0152275 , 0.0152275 , 0
-0.665602,8.515,0.0147349 , 0.0147349 , 0
-0.665602,8.605,0.0142611 , 0.0142611 , 0
-0.665602,8.695,0.0138055 , 0.0138055 , 0
-0.665602,8.785,0.0133675 , 0.0133675 , 0
-0.665602,8.875,0.0129465 , 0.0129465 , 0
-0.665602,8.965,0.0125414 , 0.0125414 , 0
-0.665602,9.055,0.0121518 , 0.0121518 , 0
-0.665602,9.145,0.0117779 , 0.0117779 , 0
-0.665602,9.235,0.0114188 , 0.0114188 , 0
-0.665602,9.325,0.011074 , 0.011074 , 0
-0.665602,9.415,0.010743 , 0.010743 , 0
-0.665602,9.505,0.0104251 , 0.0104251 , 0
-0.665602,9.595,0.0101198 , 0.0101198 , 0
-0.665602,9.685,0.00982648 , 0.00982648 , 0
-0.665602,9.775,0.00954473 , 0.00954473 , 0
-0.665602,9.865,0.009274 , 0.009274 , 0
-0.665602,9.955,0.00901383 , 0.00901383 , 0
-0.661958,1.045,0.583452 , 0.583452 , 0
-0.661958,1.135,0.52313 , 0.52313 , 0
-0.661958,1.225,0.455284 , 0.455284 , 0
-0.661958,1.315,0.429438 , 0.429438 , 0
-0.661958,1.405,0.383042 , 0.383042 , 0
-0.661958,1.495,0.344264 , 0.344264 , 0
-0.661958,1.585,0.329797 , 0.329797 , 0
-0.661958,1.675,0.294234 , 0.294234 , 0
-0.661958,1.765,0.264538 , 0.264538 , 0
-0.661958,1.855,0.250535 , 0.250535 , 0
-0.661958,1.945,0.236783 , 0.236783 , 0
-0.661958,2.035,0.216748 , 0.216748 , 0
-0.661958,2.125,0.196658 , 0.196658 , 0
-0.661958,2.215,0.182201 , 0.182201 , 0
-0.661958,2.305,0.172465 , 0.172465 , 0
-0.661958,2.395,0.16439 , 0.16439 , 0
-0.661958,2.485,0.155597 , 0.155597 , 0
-0.661958,2.575,0.145276 , 0.145276 , 0
-0.661958,2.665,0.134537 , 0.134537 , 0
-0.661958,2.755,0.124676 , 0.124676 , 0
-0.661958,2.845,0.1163 , 0.1163 , 0
-0.661958,2.935,0.109421 , 0.109421 , 0
-0.661958,3.025,0.104003 , 0.104003 , 0
-0.661958,3.115,0.0995241 , 0.0995241 , 0
-0.661958,3.205,0.0954212 , 0.0954212 , 0
-0.661958,3.295,0.091334 , 0.091334 , 0
-0.661958,3.385,0.087141 , 0.087141 , 0
-0.661958,3.475,0.0827982 , 0.0827982 , 0
-0.661958,3.565,0.0783474 , 0.0783474 , 0
-0.661958,3.655,0.0738493 , 0.0738493 , 0
-0.661958,3.745,0.0695195 , 0.0695195 , 0
-0.661958,3.835,0.0654722 , 0.0654722 , 0
-0.661958,3.925,0.061793 , 0.061793 , 0
-0.661958,4.015,0.0585023 , 0.0585023 , 0
-0.661958,4.105,0.0556052 , 0.0556052 , 0
-0.661958,4.195,0.0531463 , 0.0531463 , 0
-0.661958,4.285,0.0510954 , 0.0510954 , 0
-0.661958,4.375,0.0494081 , 0.0494081 , 0
-0.661958,4.465,0.0480322 , 0.0480322 , 0
-0.661958,4.555,0.0468501 , 0.0468501 , 0
-0.661958,4.645,0.0458779 , 0.0458779 , 0
-0.661958,4.735,0.0450663 , 0.0450663 , 0
-0.661958,4.825,0.0443704 , 0.0443704 , 0
-0.661958,4.915,0.0437515 , 0.0437515 , 0
-0.661958,5.005,0.0431775 , 0.0431775 , 0
-0.661958,5.095,0.0426093 , 0.0426093 , 0
-0.661958,5.185,0.0420407 , 0.0420407 , 0
-0.661958,5.275,0.0414582 , 0.0414582 , 0
-0.661958,5.365,0.0408517 , 0.0408517 , 0
-0.661958,5.455,0.0402147 , 0.0402147 , 0
-0.661958,5.545,0.0395439 , 0.0395439 , 0
-0.661958,5.635,0.0388357 , 0.0388357 , 0
-0.661958,5.725,0.038076 , 0.038076 , 0
-0.661958,5.815,0.0372872 , 0.0372872 , 0
-0.661958,5.905,0.0364723 , 0.0364723 , 0
-0.661958,5.995,0.035635 , 0.035635 , 0
-0.661958,6.085,0.0347794 , 0.0347794 , 0
-0.661958,6.175,0.0339097 , 0.0339097 , 0
-0.661958,6.265,0.0330303 , 0.0330303 , 0
-0.661958,6.355,0.0321334 , 0.0321334 , 0
-0.661958,6.445,0.0312245 , 0.0312245 , 0
-0.661958,6.535,0.0303192 , 0.0303192 , 0
-0.661958,6.625,0.0294207 , 0.0294207 , 0
-0.661958,6.715,0.028532 , 0.028532 , 0
-0.661958,6.805,0.0276557 , 0.0276557 , 0
-0.661958,6.895,0.026794 , 0.026794 , 0
-0.661958,6.985,0.0259489 , 0.0259489 , 0
-0.661958,7.075,0.025122 , 0.025122 , 0
-0.661958,7.165,0.0243128 , 0.0243128 , 0
-0.661958,7.255,0.0235238 , 0.0235238 , 0
-0.661958,7.345,0.022756 , 0.022756 , 0
-0.661958,7.435,0.02201 , 0.02201 , 0
-0.661958,7.525,0.0212861 , 0.0212861 , 0
-0.661958,7.615,0.0205847 , 0.0205847 , 0
-0.661958,7.705,0.0199058 , 0.0199058 , 0
-0.661958,7.795,0.0192494 , 0.0192494 , 0
-0.661958,7.885,0.0186153 , 0.0186153 , 0
-0.661958,7.975,0.0180024 , 0.0180024 , 0
-0.661958,8.065,0.0174098 , 0.0174098 , 0
-0.661958,8.155,0.0168385 , 0.0168385 , 0
-0.661958,8.245,0.016288 , 0.016288 , 0
-0.661958,8.335,0.0157579 , 0.0157579 , 0
-0.661958,8.425,0.0152477 , 0.0152477 , 0
-0.661958,8.515,0.0147567 , 0.0147567 , 0
-0.661958,8.605,0.0142844 , 0.0142844 , 0
-0.661958,8.695,0.0138302 , 0.0138302 , 0
-0.661958,8.785,0.0133935 , 0.0133935 , 0
-0.661958,8.875,0.0129737 , 0.0129737 , 0
-0.661958,8.965,0.0125698 , 0.0125698 , 0
-0.661958,9.055,0.0121815 , 0.0121815 , 0
-0.661958,9.145,0.0118086 , 0.0118086 , 0
-0.661958,9.235,0.0114505 , 0.0114505 , 0
-0.661958,9.325,0.0111067 , 0.0111067 , 0
-0.661958,9.415,0.0107764 , 0.0107764 , 0
-0.661958,9.505,0.0104592 , 0.0104592 , 0
-0.661958,9.595,0.0101545 , 0.0101545 , 0
-0.661958,9.685,0.00986179 , 0.00986179 , 0
-0.661958,9.775,0.0095805 , 0.0095805 , 0
-0.661958,9.865,0.00931017 , 0.00931017 , 0
-0.661958,9.955,0.00905032 , 0.00905032 , 0
-0.658314,1.045,0.580791 , 0.580791 , 0
-0.658314,1.135,0.529236 , 0.529236 , 0
-0.658314,1.225,0.455818 , 0.455818 , 0
-0.658314,1.315,0.433395 , 0.433395 , 0
-0.658314,1.405,0.382857 , 0.382857 , 0
-0.658314,1.495,0.347803 , 0.347803 , 0
-0.658314,1.585,0.331456 , 0.331456 , 0
-0.658314,1.675,0.294444 , 0.294444 , 0
-0.658314,1.765,0.266325 , 0.266325 , 0
-0.658314,1.855,0.252753 , 0.252753 , 0
-0.658314,1.945,0.237885 , 0.237885 , 0
-0.658314,2.035,0.217105 , 0.217105 , 0
-0.658314,2.125,0.197252 , 0.197252 , 0
-0.658314,2.215,0.183347 , 0.183347 , 0
-0.658314,2.305,0.173839 , 0.173839 , 0
-0.658314,2.395,0.165567 , 0.165567 , 0
-0.658314,2.485,0.156391 , 0.156391 , 0
-0.658314,2.575,0.145753 , 0.145753 , 0
-0.658314,2.665,0.134883 , 0.134883 , 0
-0.658314,2.755,0.125059 , 0.125059 , 0
-0.658314,2.845,0.116805 , 0.116805 , 0
-0.658314,2.935,0.110047 , 0.110047 , 0
-0.658314,3.025,0.104704 , 0.104704 , 0
-0.658314,3.115,0.100235 , 0.100235 , 0
-0.658314,3.205,0.0960848 , 0.0960848 , 0
-0.658314,3.295,0.0919133 , 0.0919133 , 0
-0.658314,3.385,0.0876209 , 0.0876209 , 0
-0.658314,3.475,0.0831826 , 0.0831826 , 0
-0.658314,3.565,0.0786524 , 0.0786524 , 0
-0.658314,3.655,0.0740972 , 0.0740972 , 0
-0.658314,3.745,0.069733 , 0.069733 , 0
-0.658314,3.835,0.0656712 , 0.0656712 , 0
-0.658314,3.925,0.0619927 , 0.0619927 , 0
-0.658314,4.015,0.0587127 , 0.0587127 , 0
-0.658314,4.105,0.0558314 , 0.0558314 , 0
-0.658314,4.195,0.0533896 , 0.0533896 , 0
-0.658314,4.285,0.051354 , 0.051354 , 0
-0.658314,4.375,0.049678 , 0.049678 , 0
-0.658314,4.465,0.0483087 , 0.0483087 , 0
-0.658314,4.555,0.0471276 , 0.0471276 , 0
-0.658314,4.645,0.0461511 , 0.0461511 , 0
-0.658314,4.735,0.0453303 , 0.0453303 , 0
-0.658314,4.825,0.0446211 , 0.0446211 , 0
-0.658314,4.915,0.0439857 , 0.0439857 , 0
-0.658314,5.005,0.0433928 , 0.0433928 , 0
-0.658314,5.095,0.0428046 , 0.0428046 , 0
-0.658314,5.185,0.0422153 , 0.0422153 , 0
-0.658314,5.275,0.041612 , 0.041612 , 0
-0.658314,5.365,0.0409851 , 0.0409851 , 0
-0.658314,5.455,0.0403285 , 0.0403285 , 0
-0.658314,5.545,0.0396394 , 0.0396394 , 0
-0.658314,5.635,0.0389142 , 0.0389142 , 0
-0.658314,5.725,0.0381393 , 0.0381393 , 0
-0.658314,5.815,0.0373369 , 0.0373369 , 0
-0.658314,5.905,0.0365101 , 0.0365101 , 0
-0.658314,5.995,0.0356625 , 0.0356625 , 0
-0.658314,6.085,0.0347981 , 0.0347981 , 0
-0.658314,6.175,0.0339212 , 0.0339212 , 0
-0.658314,6.265,0.0330358 , 0.0330358 , 0
-0.658314,6.355,0.032134 , 0.032134 , 0
-0.658314,6.445,0.0312211 , 0.0312211 , 0
-0.658314,6.535,0.0303128 , 0.0303128 , 0
-0.658314,6.625,0.0294123 , 0.0294123 , 0
-0.658314,6.715,0.0285223 , 0.0285223 , 0
-0.658314,6.805,0.0276455 , 0.0276455 , 0
-0.658314,6.895,0.0267839 , 0.0267839 , 0
-0.658314,6.985,0.0259394 , 0.0259394 , 0
-0.658314,7.075,0.0251134 , 0.0251134 , 0
-0.658314,7.165,0.0243055 , 0.0243055 , 0
-0.658314,7.255,0.0235181 , 0.0235181 , 0
-0.658314,7.345,0.022752 , 0.022752 , 0
-0.658314,7.435,0.0220079 , 0.0220079 , 0
-0.658314,7.525,0.0212861 , 0.0212861 , 0
-0.658314,7.615,0.0205868 , 0.0205868 , 0
-0.658314,7.705,0.01991 , 0.01991 , 0
-0.658314,7.795,0.0192557 , 0.0192557 , 0
-0.658314,7.885,0.0186237 , 0.0186237 , 0
-0.658314,7.975,0.0180129 , 0.0180129 , 0
-0.658314,8.065,0.0174225 , 0.0174225 , 0
-0.658314,8.155,0.0168534 , 0.0168534 , 0
-0.658314,8.245,0.0163049 , 0.0163049 , 0
-0.658314,8.335,0.0157768 , 0.0157768 , 0
-0.658314,8.425,0.0152683 , 0.0152683 , 0
-0.658314,8.515,0.014779 , 0.014779 , 0
-0.658314,8.605,0.0143083 , 0.0143083 , 0
-0.658314,8.695,0.0138556 , 0.0138556 , 0
-0.658314,8.785,0.0134202 , 0.0134202 , 0
-0.658314,8.875,0.0130017 , 0.0130017 , 0
-0.658314,8.965,0.012599 , 0.012599 , 0
-0.658314,9.055,0.012212 , 0.012212 , 0
-0.658314,9.145,0.0118402 , 0.0118402 , 0
-0.658314,9.235,0.0114832 , 0.0114832 , 0
-0.658314,9.325,0.0111402 , 0.0111402 , 0
-0.658314,9.415,0.0108108 , 0.0108108 , 0
-0.658314,9.505,0.0104943 , 0.0104943 , 0
-0.658314,9.595,0.0101903 , 0.0101903 , 0
-0.658314,9.685,0.00989807 , 0.00989807 , 0
-0.658314,9.775,0.00961725 , 0.00961725 , 0
-0.658314,9.865,0.00934731 , 0.00934731 , 0
-0.658314,9.955,0.00908778 , 0.00908778 , 0
-0.65467,1.045,0.578186 , 0.578186 , 0
-0.65467,1.135,0.534323 , 0.534323 , 0
-0.65467,1.225,0.457174 , 0.457174 , 0
-0.65467,1.315,0.436747 , 0.436747 , 0
-0.65467,1.405,0.382972 , 0.382972 , 0
-0.65467,1.495,0.351449 , 0.351449 , 0
-0.65467,1.585,0.332757 , 0.332757 , 0
-0.65467,1.675,0.294761 , 0.294761 , 0
-0.65467,1.765,0.268315 , 0.268315 , 0
-0.65467,1.855,0.254905 , 0.254905 , 0
-0.65467,1.945,0.238841 , 0.238841 , 0
-0.65467,2.035,0.217447 , 0.217447 , 0
-0.65467,2.125,0.197939 , 0.197939 , 0
-0.65467,2.215,0.184577 , 0.184577 , 0
-0.65467,2.305,0.175223 , 0.175223 , 0
-0.65467,2.395,0.166692 , 0.166692 , 0
-0.65467,2.485,0.157116 , 0.157116 , 0
-0.65467,2.575,0.146183 , 0.146183 , 0
-0.65467,2.665,0.135218 , 0.135218 , 0
-0.65467,2.755,0.125462 , 0.125462 , 0
-0.65467,2.845,0.117347 , 0.117347 , 0
-0.65467,2.935,0.110713 , 0.110713 , 0
-0.65467,3.025,0.105436 , 0.105436 , 0
-0.65467,3.115,0.100966 , 0.100966 , 0
-0.65467,3.205,0.0967571 , 0.0967571 , 0
-0.65467,3.295,0.0924927 , 0.0924927 , 0
-0.65467,3.385,0.0880959 , 0.0880959 , 0
-0.65467,3.475,0.0835603 , 0.0835603 , 0
-0.65467,3.565,0.0789514 , 0.0789514 , 0
-0.65467,3.655,0.0743411 , 0.0743411 , 0
-0.65467,3.745,0.0699449 , 0.0699449 , 0
-0.65467,3.835,0.0658709 , 0.0658709 , 0
-0.65467,3.925,0.0621949 , 0.0621949 , 0
-0.65467,4.015,0.0589265 , 0.0589265 , 0
-0.65467,4.105,0.0560612 , 0.0560612 , 0
-0.65467,4.195,0.0536359 , 0.0536359 , 0
-0.65467,4.285,0.0516143 , 0.0516143 , 0
-0.65467,4.375,0.0499482 , 0.0499482 , 0
-0.65467,4.465,0.0485835 , 0.0485835 , 0
-0.65467,4.555,0.0474015 , 0.0474015 , 0
-0.65467,4.645,0.0464187 , 0.0464187 , 0
-0.65467,4.735,0.045587 , 0.045587 , 0
-0.65467,4.825,0.0448629 , 0.0448629 , 0
-0.65467,4.915,0.0442095 , 0.0442095 , 0
-0.65467,5.005,0.0435966 , 0.0435966 , 0
-0.65467,5.095,0.0429876 , 0.0429876 , 0
-0.65467,5.185,0.0423771 , 0.0423771 , 0
-0.65467,5.275,0.0417526 , 0.0417526 , 0
-0.65467,5.365,0.0411052 , 0.0411052 , 0
-0.65467,5.455,0.0404292 , 0.0404292 , 0
-0.65467,5.545,0.0397219 , 0.0397219 , 0
-0.65467,5.635,0.0389802 , 0.0389802 , 0
-0.65467,5.725,0.0381905 , 0.0381905 , 0
-0.65467,5.815,0.0373751 , 0.0373751 , 0
-0.65467,5.905,0.036537 , 0.036537 , 0
-0.65467,5.995,0.0356798 , 0.0356798 , 0
-0.65467,6.085,0.0348074 , 0.0348074 , 0
-0.65467,6.175,0.0339239 , 0.0339239 , 0
-0.65467,6.265,0.0330334 , 0.0330334 , 0
-0.65467,6.355,0.0321274 , 0.0321274 , 0
-0.65467,6.445,0.0312112 , 0.0312112 , 0
-0.65467,6.535,0.0303006 , 0.0303006 , 0
-0.65467,6.625,0.0293986 , 0.0293986 , 0
-0.65467,6.715,0.0285081 , 0.0285081 , 0
-0.65467,6.805,0.0276313 , 0.0276313 , 0
-0.65467,6.895,0.0267703 , 0.0267703 , 0
-0.65467,6.985,0.0259268 , 0.0259268 , 0
-0.65467,7.075,0.0251024 , 0.0251024 , 0
-0.65467,7.165,0.0242962 , 0.0242962 , 0
-0.65467,7.255,0.0235107 , 0.0235107 , 0
-0.65467,7.345,0.0227468 , 0.0227468 , 0
-0.65467,7.435,0.022005 , 0.022005 , 0
-0.65467,7.525,0.0212855 , 0.0212855 , 0
-0.65467,7.615,0.0205886 , 0.0205886 , 0
-0.65467,7.705,0.0199142 , 0.0199142 , 0
-0.65467,7.795,0.0192622 , 0.0192622 , 0
-0.65467,7.885,0.0186325 , 0.0186325 , 0
-0.65467,7.975,0.0180241 , 0.0180241 , 0
-0.65467,8.065,0.0174361 , 0.0174361 , 0
-0.65467,8.155,0.0168692 , 0.0168692 , 0
-0.65467,8.245,0.0163229 , 0.0163229 , 0
-0.65467,8.335,0.0157968 , 0.0157968 , 0
-0.65467,8.425,0.0152903 , 0.0152903 , 0
-0.65467,8.515,0.0148028 , 0.0148028 , 0
-0.65467,8.605,0.0143338 , 0.0143338 , 0
-0.65467,8.695,0.0138826 , 0.0138826 , 0
-0.65467,8.785,0.0134486 , 0.0134486 , 0
-0.65467,8.875,0.0130314 , 0.0130314 , 0
-0.65467,8.965,0.01263 , 0.01263 , 0
-0.65467,9.055,0.0122442 , 0.0122442 , 0
-0.65467,9.145,0.0118736 , 0.0118736 , 0
-0.65467,9.235,0.0115176 , 0.0115176 , 0
-0.65467,9.325,0.0111756 , 0.0111756 , 0
-0.65467,9.415,0.010847 , 0.010847 , 0
-0.65467,9.505,0.0105313 , 0.0105313 , 0
-0.65467,9.595,0.0102278 , 0.0102278 , 0
-0.65467,9.685,0.00993616 , 0.00993616 , 0
-0.65467,9.775,0.00965579 , 0.00965579 , 0
-0.65467,9.865,0.00938623 , 0.00938623 , 0
-0.65467,9.955,0.009127 , 0.009127 , 0
-0.651026,1.045,0.576189 , 0.576189 , 0
-0.651026,1.135,0.538106 , 0.538106 , 0
-0.651026,1.225,0.45947 , 0.45947 , 0
-0.651026,1.315,0.439396 , 0.439396 , 0
-0.651026,1.405,0.383501 , 0.383501 , 0
-0.651026,1.495,0.355099 , 0.355099 , 0
-0.651026,1.585,0.333676 , 0.333676 , 0
-0.651026,1.675,0.295246 , 0.295246 , 0
-0.651026,1.765,0.27052 , 0.27052 , 0
-0.651026,1.855,0.256968 , 0.256968 , 0
-0.651026,1.945,0.239647 , 0.239647 , 0
-0.651026,2.035,0.217788 , 0.217788 , 0
-0.651026,2.125,0.198732 , 0.198732 , 0
-0.651026,2.215,0.185889 , 0.185889 , 0
-0.651026,2.305,0.176602 , 0.176602 , 0
-0.651026,2.395,0.167744 , 0.167744 , 0
-0.651026,2.485,0.157755 , 0.157755 , 0
-0.651026,2.575,0.146556 , 0.146556 , 0
-0.651026,2.665,0.135541 , 0.135541 , 0
-0.651026,2.755,0.125892 , 0.125892 , 0
-0.651026,2.845,0.117937 , 0.117937 , 0
-0.651026,2.935,0.111431 , 0.111431 , 0
-0.651026,3.025,0.106216 , 0.106216 , 0
-0.651026,3.115,0.101733 , 0.101733 , 0
-0.651026,3.205,0.0974538 , 0.0974538 , 0
-0.651026,3.295,0.0930875 , 0.0930875 , 0
-0.651026,3.385,0.0885805 , 0.0885805 , 0
-0.651026,3.475,0.0839448 , 0.0839448 , 0
-0.651026,3.565,0.0792564 , 0.0792564 , 0
-0.651026,3.655,0.0745911 , 0.0745911 , 0
-0.651026,3.745,0.0701633 , 0.0701633 , 0
-0.651026,3.835,0.0660769 , 0.0660769 , 0
-0.651026,3.925,0.0624023 , 0.0624023 , 0
-0.651026,4.015,0.0591437 , 0.0591437 , 0
-0.651026,4.105,0.0562916 , 0.0562916 , 0
-0.651026,4.195,0.0538794 , 0.0538794 , 0
-0.651026,4.285,0.0518681 , 0.0518681 , 0
-0.651026,4.375,0.0502079 , 0.0502079 , 0
-0.651026,4.465,0.0488438 , 0.0488438 , 0
-0.651026,4.555,0.0476572 , 0.0476572 , 0
-0.651026,4.645,0.0466647 , 0.0466647 , 0
-0.651026,4.735,0.045819 , 0.045819 , 0
-0.651026,4.825,0.0450776 , 0.0450776 , 0
-0.651026,4.915,0.0444044 , 0.0444044 , 0
-0.651026,5.005,0.0437702 , 0.0437702 , 0
-0.651026,5.095,0.0431396 , 0.0431396 , 0
-0.651026,5.185,0.0425075 , 0.0425075 , 0
-0.651026,5.275,0.041862 , 0.041862 , 0
-0.651026,5.365,0.0411945 , 0.0411945 , 0
-0.651026,5.455,0.0404999 , 0.0404999 , 0
-0.651026,5.545,0.0397756 , 0.0397756 , 0
-0.651026,5.635,0.0390187 , 0.0390187 , 0
-0.651026,5.725,0.0382157 , 0.0382157 , 0
-0.651026,5.815,0.0373889 , 0.0373889 , 0
-0.651026,5.905,0.0365412 , 0.0365412 , 0
-0.651026,5.995,0.0356761 , 0.0356761 , 0
-0.651026,6.085,0.0347974 , 0.0347974 , 0
-0.651026,6.175,0.0339092 , 0.0339092 , 0
-0.651026,6.265,0.0330152 , 0.0330152 , 0
-0.651026,6.355,0.0321067 , 0.0321067 , 0
-0.651026,6.445,0.0311888 , 0.0311888 , 0
-0.651026,6.535,0.0302775 , 0.0302775 , 0
-0.651026,6.625,0.0293757 , 0.0293757 , 0
-0.651026,6.715,0.0284859 , 0.0284859 , 0
-0.651026,6.805,0.0276105 , 0.0276105 , 0
-0.651026,6.895,0.0267514 , 0.0267514 , 0
-0.651026,6.985,0.0259102 , 0.0259102 , 0
-0.651026,7.075,0.0250882 , 0.0250882 , 0
-0.651026,7.165,0.0242848 , 0.0242848 , 0
-0.651026,7.255,0.0235022 , 0.0235022 , 0
-0.651026,7.345,0.0227413 , 0.0227413 , 0
-0.651026,7.435,0.0220025 , 0.0220025 , 0
-0.651026,7.525,0.0212861 , 0.0212861 , 0
-0.651026,7.615,0.0205921 , 0.0205921 , 0
-0.651026,7.705,0.0199207 , 0.0199207 , 0
-0.651026,7.795,0.0192716 , 0.0192716 , 0
-0.651026,7.885,0.0186446 , 0.0186446 , 0
-0.651026,7.975,0.0180389 , 0.0180389 , 0
-0.651026,8.065,0.0174537 , 0.0174537 , 0
-0.651026,8.155,0.0168894 , 0.0168894 , 0
-0.651026,8.245,0.0163456 , 0.0163456 , 0
-0.651026,8.335,0.0158217 , 0.0158217 , 0
-0.651026,8.425,0.0153173 , 0.0153173 , 0
-0.651026,8.515,0.0148318 , 0.0148318 , 0
-0.651026,8.605,0.0143645 , 0.0143645 , 0
-0.651026,8.695,0.013915 , 0.013915 , 0
-0.651026,8.785,0.0134825 , 0.0134825 , 0
-0.651026,8.875,0.0130666 , 0.0130666 , 0
-0.651026,8.965,0.0126666 , 0.0126666 , 0
-0.651026,9.055,0.0122821 , 0.0122821 , 0
-0.651026,9.145,0.0119127 , 0.0119127 , 0
-0.651026,9.235,0.0115577 , 0.0115577 , 0
-0.651026,9.325,0.0112166 , 0.0112166 , 0
-0.651026,9.415,0.0108888 , 0.0108888 , 0
-0.651026,9.505,0.0105737 , 0.0105737 , 0
-0.651026,9.595,0.0102708 , 0.0102708 , 0
-0.651026,9.685,0.00997962 , 0.00997962 , 0
-0.651026,9.775,0.00969964 , 0.00969964 , 0
-0.651026,9.865,0.00943038 , 0.00943038 , 0
-0.651026,9.955,0.00917137 , 0.00917137 , 0
-0.647382,1.045,0.576933 , 0.576933 , 0
-0.647382,1.135,0.542298 , 0.542298 , 0
-0.647382,1.225,0.463868 , 0.463868 , 0
-0.647382,1.315,0.442476 , 0.442476 , 0
-0.647382,1.405,0.385312 , 0.385312 , 0
-0.647382,1.495,0.359358 , 0.359358 , 0
-0.647382,1.585,0.334999 , 0.334999 , 0
-0.647382,1.675,0.296513 , 0.296513 , 0
-0.647382,1.765,0.273333 , 0.273333 , 0
-0.647382,1.855,0.259325 , 0.259325 , 0
-0.647382,1.945,0.24072 , 0.24072 , 0
-0.647382,2.035,0.218504 , 0.218504 , 0
-0.647382,2.125,0.199917 , 0.199917 , 0
-0.647382,2.215,0.187505 , 0.187505 , 0
-0.647382,2.305,0.178173 , 0.178173 , 0
-0.647382,2.395,0.168919 , 0.168919 , 0
-0.647382,2.485,0.158498 , 0.158498 , 0
-0.647382,2.575,0.147045 , 0.147045 , 0
-0.647382,2.665,0.135994 , 0.135994 , 0
-0.647382,2.755,0.126453 , 0.126453 , 0
-0.647382,2.845,0.118648 , 0.118648 , 0
-0.647382,2.935,0.112254 , 0.112254 , 0
-0.647382,3.025,0.107079 , 0.107079 , 0
-0.647382,3.115,0.102562 , 0.102562 , 0
-0.647382,3.205,0.0981952 , 0.0981952 , 0
-0.647382,3.295,0.0937138 , 0.0937138 , 0
-0.647382,3.385,0.0890893 , 0.0890893 , 0
-0.647382,3.475,0.0843507 , 0.0843507 , 0
-0.647382,3.565,0.0795832 , 0.0795832 , 0
-0.647382,3.655,0.0748646 , 0.0748646 , 0
-0.647382,3.745,0.0704076 , 0.0704076 , 0
-0.647382,3.835,0.0663113 , 0.0663113 , 0
-0.647382,3.925,0.0626401 , 0.0626401 , 0
-0.647382,4.015,0.0593929 , 0.0593929 , 0
-0.647382,4.105,0.0565553 , 0.0565553 , 0
-0.647382,4.195,0.0541567 , 0.0541567 , 0
-0.647382,4.285,0.0521555 , 0.0521555 , 0
-0.647382,4.375,0.0505005 , 0.0505005 , 0
-0.647382,4.465,0.0491361 , 0.0491361 , 0
-0.647382,4.555,0.0479434 , 0.0479434 , 0
-0.647382,4.645,0.0469398 , 0.0469398 , 0
-0.647382,4.735,0.0460788 , 0.0460788 , 0
-0.647382,4.825,0.0453186 , 0.0453186 , 0
-0.647382,4.915,0.0446243 , 0.0446243 , 0
-0.647382,5.005,0.0439674 , 0.0439674 , 0
-0.647382,5.095,0.0433137 , 0.0433137 , 0
-0.647382,5.185,0.0426585 , 0.0426585 , 0
-0.647382,5.275,0.0419907 , 0.0419907 , 0
-0.647382,5.365,0.0413021 , 0.0413021 , 0
-0.647382,5.455,0.0405878 , 0.0405878 , 0
-0.647382,5.545,0.0398456 , 0.0398456 , 0
-0.647382,5.635,0.0390726 , 0.0390726 , 0
-0.647382,5.725,0.0382559 , 0.0382559 , 0
-0.647382,5.815,0.0374172 , 0.0374172 , 0
-0.647382,5.905,0.0365594 , 0.0365594 , 0
-0.647382,5.995,0.0356859 , 0.0356859 , 0
-0.647382,6.085,0.0348005 , 0.0348005 , 0
-0.647382,6.175,0.0339069 , 0.0339069 , 0
-0.647382,6.265,0.033009 , 0.033009 , 0
-0.647382,6.355,0.0320975 , 0.0320975 , 0
-0.647382,6.445,0.0311777 , 0.0311777 , 0
-0.647382,6.535,0.0302653 , 0.0302653 , 0
-0.647382,6.625,0.0293633 , 0.0293633 , 0
-0.647382,6.715,0.028474 , 0.028474 , 0
-0.647382,6.805,0.0275997 , 0.0275997 , 0
-0.647382,6.895,0.0267421 , 0.0267421 , 0
-0.647382,6.985,0.0259029 , 0.0259029 , 0
-0.647382,7.075,0.0250832 , 0.0250832 , 0
-0.647382,7.165,0.0242822 , 0.0242822 , 0
-0.647382,7.255,0.0235022 , 0.0235022 , 0
-0.647382,7.345,0.022744 , 0.022744 , 0
-0.647382,7.435,0.022008 , 0.022008 , 0
-0.647382,7.525,0.0212944 , 0.0212944 , 0
-0.647382,7.615,0.0206033 , 0.0206033 , 0
-0.647382,7.705,0.0199346 , 0.0199346 , 0
-0.647382,7.795,0.0192882 , 0.0192882 , 0
-0.647382,7.885,0.0186638 , 0.0186638 , 0
-0.647382,7.975,0.0180607 , 0.0180607 , 0
-0.647382,8.065,0.0174779 , 0.0174779 , 0
-0.647382,8.155,0.016916 , 0.016916 , 0
-0.647382,8.245,0.0163744 , 0.0163744 , 0
-0.647382,8.335,0.0158526 , 0.0158526 , 0
-0.647382,8.425,0.0153502 , 0.0153502 , 0
-0.647382,8.515,0.0148664 , 0.0148664 , 0
-0.647382,8.605,0.0144008 , 0.0144008 , 0
-0.647382,8.695,0.0139528 , 0.0139528 , 0
-0.647382,8.785,0.0135217 , 0.0135217 , 0
-0.647382,8.875,0.013107 , 0.013107 , 0
-0.647382,8.965,0.012708 , 0.012708 , 0
-0.647382,9.055,0.0123245 , 0.0123245 , 0
-0.647382,9.145,0.0119558 , 0.0119558 , 0
-0.647382,9.235,0.0116015 , 0.0116015 , 0
-0.647382,9.325,0.011261 , 0.011261 , 0
-0.647382,9.415,0.0109336 , 0.0109336 , 0
-0.647382,9.505,0.0106189 , 0.0106189 , 0
-0.647382,9.595,0.0103163 , 0.0103163 , 0
-0.647382,9.685,0.0100254 , 0.0100254 , 0
-0.647382,9.775,0.00974553 , 0.00974553 , 0
-0.647382,9.865,0.00947634 , 0.00947634 , 0
-0.647382,9.955,0.00921734 , 0.00921734 , 0
-0.643738,1.045,0.579447 , 0.579447 , 0
-0.643738,1.135,0.546374 , 0.546374 , 0
-0.643738,1.225,0.469297 , 0.469297 , 0
-0.643738,1.315,0.44555 , 0.44555 , 0
-0.643738,1.405,0.387831 , 0.387831 , 0
-0.643738,1.495,0.363767 , 0.363767 , 0
-0.643738,1.585,0.336534 , 0.336534 , 0
-0.643738,1.675,0.298194 , 0.298194 , 0
-0.643738,1.765,0.276319 , 0.276319 , 0
-0.643738,1.855,0.261688 , 0.261688 , 0
-0.643738,1.945,0.241884 , 0.241884 , 0
-0.643738,2.035,0.219418 , 0.219418 , 0
-0.643738,2.125,0.201294 , 0.201294 , 0
-0.643738,2.215,0.189245 , 0.189245 , 0
-0.643738,2.305,0.179811 , 0.179811 , 0
-0.643738,2.395,0.170146 , 0.170146 , 0
-0.643738,2.485,0.159308 , 0.159308 , 0
-0.643738,2.575,0.147619 , 0.147619 , 0
-0.643738,2.665,0.136534 , 0.136534 , 0
-0.643738,2.755,0.127085 , 0.127085 , 0
-0.643738,2.845,0.119401 , 0.119401 , 0
-0.643738,2.935,0.113091 , 0.113091 , 0
-0.643738,3.025,0.107928 , 0.107928 , 0
-0.643738,3.115,0.103356 , 0.103356 , 0
-0.643738,3.205,0.098888 , 0.098888 , 0
-0.643738,3.295,0.0942862 , 0.0942862 , 0
-0.643738,3.385,0.0895455 , 0.0895455 , 0
-0.643738,3.475,0.0847102 , 0.0847102 , 0
-0.643738,3.565,0.079873 , 0.079873 , 0
-0.643738,3.655,0.0751121 , 0.0751121 , 0
-0.643738,3.745,0.0706377 , 0.0706377 , 0
-0.643738,3.835,0.0665431 , 0.0665431 , 0
-0.643738,3.925,0.0628865 , 0.0628865 , 0
-0.643738,4.015,0.0596611 , 0.0596611 , 0
-0.643738,4.105,0.0568478 , 0.0568478 , 0
-0.643738,4.195,0.0544714 , 0.0544714 , 0
-0.643738,4.285,0.0524878 , 0.0524878 , 0
-0.643738,4.375,0.0508442 , 0.0508442 , 0
-0.643738,4.465,0.0494846 , 0.0494846 , 0
-0.643738,4.555,0.04829 , 0.04829 , 0
-0.643738,4.645,0.0472783 , 0.0472783 , 0
-0.643738,4.735,0.0464039 , 0.0464039 , 0
-0.643738,4.825,0.0456262 , 0.0456262 , 0
-0.643738,4.915,0.0449111 , 0.0449111 , 0
-0.643738,5.005,0.0442313 , 0.0442313 , 0
-0.643738,5.095,0.0435532 , 0.0435532 , 0
-0.643738,5.185,0.0428733 , 0.0428733 , 0
-0.643738,5.275,0.042181 , 0.042181 , 0
-0.643738,5.365,0.0414687 , 0.0414687 , 0
-0.643738,5.455,0.040732 , 0.040732 , 0
-0.643738,5.545,0.0399687 , 0.0399687 , 0
-0.643738,5.635,0.0391765 , 0.0391765 , 0
-0.643738,5.725,0.0383429 , 0.0383429 , 0
-0.643738,5.815,0.037489 , 0.037489 , 0
-0.643738,5.905,0.0366178 , 0.0366178 , 0
-0.643738,5.995,0.0357325 , 0.0357325 , 0
-0.643738,6.085,0.0348369 , 0.0348369 , 0
-0.643738,6.175,0.0339347 , 0.0339347 , 0
-0.643738,6.265,0.0330296 , 0.0330296 , 0
-0.643738,6.355,0.0321122 , 0.0321122 , 0
-0.643738,6.445,0.0311874 , 0.0311874 , 0
-0.643738,6.535,0.0302712 , 0.0302712 , 0
-0.643738,6.625,0.0293663 , 0.0293663 , 0
-0.643738,6.715,0.0284751 , 0.0284751 , 0
-0.643738,6.805,0.0275995 , 0.0275995 , 0
-0.643738,6.895,0.0267413 , 0.0267413 , 0
-0.643738,6.985,0.025902 , 0.025902 , 0
-0.643738,7.075,0.0250828 , 0.0250828 , 0
-0.643738,7.165,0.0242824 , 0.0242824 , 0
-0.643738,7.255,0.0235034 , 0.0235034 , 0
-0.643738,7.345,0.0227465 , 0.0227465 , 0
-0.643738,7.435,0.022012 , 0.022012 , 0
-0.643738,7.525,0.0213 , 0.0213 , 0
-0.643738,7.615,0.0206106 , 0.0206106 , 0
-0.643738,7.705,0.0199437 , 0.0199437 , 0
-0.643738,7.795,0.0192991 , 0.0192991 , 0
-0.643738,7.885,0.0186766 , 0.0186766 , 0
-0.643738,7.975,0.0180754 , 0.0180754 , 0
-0.643738,8.065,0.0174945 , 0.0174945 , 0
-0.643738,8.155,0.0169343 , 0.0169343 , 0
-0.643738,8.245,0.0163945 , 0.0163945 , 0
-0.643738,8.335,0.0158744 , 0.0158744 , 0
-0.643738,8.425,0.0153735 , 0.0153735 , 0
-0.643738,8.515,0.0148912 , 0.0148912 , 0
-0.643738,8.605,0.0144271 , 0.0144271 , 0
-0.643738,8.695,0.0139803 , 0.0139803 , 0
-0.643738,8.785,0.0135505 , 0.0135505 , 0
-0.643738,8.875,0.013137 , 0.013137 , 0
-0.643738,8.965,0.012739 , 0.012739 , 0
-0.643738,9.055,0.0123562 , 0.0123562 , 0
-0.643738,9.145,0.0119883 , 0.0119883 , 0
-0.643738,9.235,0.0116346 , 0.0116346 , 0
-0.643738,9.325,0.0112946 , 0.0112946 , 0
-0.643738,9.415,0.0109677 , 0.0109677 , 0
-0.643738,9.505,0.0106535 , 0.0106535 , 0
-0.643738,9.595,0.0103512 , 0.0103512 , 0
-0.643738,9.685,0.0100606 , 0.0100606 , 0
-0.643738,9.775,0.00978096 , 0.00978096 , 0
-0.643738,9.865,0.00951195 , 0.00951195 , 0
-0.643738,9.955,0.00925308 , 0.00925308 , 0
-0.640094,1.045,0.583273 , 0.583273 , 0
-0.640094,1.135,0.549529 , 0.549529 , 0
-0.640094,1.225,0.475356 , 0.475356 , 0
-0.640094,1.315,0.448098 , 0.448098 , 0
-0.640094,1.405,0.390817 , 0.390817 , 0
-0.640094,1.495,0.367997 , 0.367997 , 0
-0.640094,1.585,0.337925 , 0.337925 , 0
-0.640094,1.675,0.300105 , 0.300105 , 0
-0.640094,1.765,0.279368 , 0.279368 , 0
-0.640094,1.855,0.263908 , 0.263908 , 0
-0.640094,1.945,0.24297 , 0.24297 , 0
-0.640094,2.035,0.220397 , 0.220397 , 0
-0.640094,2.125,0.202777 , 0.202777 , 0
-0.640094,2.215,0.191031 , 0.191031 , 0
-0.640094,2.305,0.181421 , 0.181421 , 0
-0.640094,2.395,0.171315 , 0.171315 , 0
-0.640094,2.485,0.160072 , 0.160072 , 0
-0.640094,2.575,0.14818 , 0.14818 , 0
-0.640094,2.665,0.137092 , 0.137092 , 0
-0.640094,2.755,0.127751 , 0.127751 , 0
-0.640094,2.845,0.120189 , 0.120189 , 0
-0.640094,2.935,0.113952 , 0.113952 , 0
-0.640094,3.025,0.108787 , 0.108787 , 0
-0.640094,3.115,0.104148 , 0.104148 , 0
-0.640094,3.205,0.09957 , 0.09957 , 0
-0.640094,3.295,0.0948436 , 0.0948436 , 0
-0.640094,3.385,0.0899865 , 0.0899865 , 0
-0.640094,3.475,0.0850574 , 0.0850574 , 0
-0.640094,3.565,0.0801547 , 0.0801547 , 0
-0.640094,3.655,0.0753563 , 0.0753563 , 0
-0.640094,3.745,0.0708689 , 0.0708689 , 0
-0.640094,3.835,0.0667796 , 0.0667796 , 0
-0.640094,3.925,0.0631402 , 0.0631402 , 0
-0.640094,4.015,0.059938 , 0.059938 , 0
-0.640094,4.105,0.0571494 , 0.0571494 , 0
-0.640094,4.195,0.0547948 , 0.0547948 , 0
-0.640094,4.285,0.0528278 , 0.0528278 , 0
-0.640094,4.375,0.0511943 , 0.0511943 , 0
-0.640094,4.465,0.0498378 , 0.0498378 , 0
-0.640094,4.555,0.0486395 , 0.0486395 , 0
-0.640094,4.645,0.047618 , 0.047618 , 0
-0.640094,4.735,0.0467288 , 0.0467288 , 0
-0.640094,4.825,0.045932 , 0.045932 , 0
-0.640094,4.915,0.045195 , 0.045195 , 0
-0.640094,5.005,0.0444912 , 0.0444912 , 0
-0.640094,5.095,0.043788 , 0.043788 , 0
-0.640094,5.185,0.0430828 , 0.0430828 , 0
-0.640094,5.275,0.0423657 , 0.0423657 , 0
-0.640094,5.365,0.0416295 , 0.0416295 , 0
-0.640094,5.455,0.0408701 , 0.0408701 , 0
-0.640094,5.545,0.0400859 , 0.0400859 , 0
-0.640094,5.635,0.0392745 , 0.0392745 , 0
-0.640094,5.725,0.0384242 , 0.0384242 , 0
-0.640094,5.815,0.0375553 , 0.0375553 , 0
-0.640094,5.905,0.0366709 , 0.0366709 , 0
-0.640094,5.995,0.0357742 , 0.0357742 , 0
-0.640094,6.085,0.0348688 , 0.0348688 , 0
-0.640094,6.175,0.0339583 , 0.0339583 , 0
-0.640094,6.265,0.0330463 , 0.0330463 , 0
-0.640094,6.355,0.0321233 , 0.0321233 , 0
-0.640094,6.445,0.0311939 , 0.0311939 , 0
-0.640094,6.535,0.0302742 , 0.0302742 , 0
-0.640094,6.625,0.0293667 , 0.0293667 , 0
-0.640094,6.715,0.0284738 , 0.0284738 , 0
-0.640094,6.805,0.0275972 , 0.0275972 , 0
-0.640094,6.895,0.0267387 , 0.0267387 , 0
-0.640094,6.985,0.0258995 , 0.0258995 , 0
-0.640094,7.075,0.0250809 , 0.0250809 , 0
-0.640094,7.165,0.0242814 , 0.0242814 , 0
-0.640094,7.255,0.0235036 , 0.0235036 , 0
-0.640094,7.345,0.0227481 , 0.0227481 , 0
-0.640094,7.435,0.0220151 , 0.0220151 , 0
-0.640094,7.525,0.0213049 , 0.0213049 , 0
-0.640094,7.615,0.0206173 , 0.0206173 , 0
-0.640094,7.705,0.0199523 , 0.0199523 , 0
-0.640094,7.795,0.0193097 , 0.0193097 , 0
-0.640094,7.885,0.0186892 , 0.0186892 , 0
-0.640094,7.975,0.0180899 , 0.0180899 , 0
-0.640094,8.065,0.0175109 , 0.0175109 , 0
-0.640094,8.155,0.0169526 , 0.0169526 , 0
-0.640094,8.245,0.0164145 , 0.0164145 , 0
-0.640094,8.335,0.0158961 , 0.0158961 , 0
-0.640094,8.425,0.0153969 , 0.0153969 , 0
-0.640094,8.515,0.0149162 , 0.0149162 , 0
-0.640094,8.605,0.0144534 , 0.0144534 , 0
-0.640094,8.695,0.0140081 , 0.0140081 , 0
-0.640094,8.785,0.0135795 , 0.0135795 , 0
-0.640094,8.875,0.0131672 , 0.0131672 , 0
-0.640094,8.965,0.0127701 , 0.0127701 , 0
-0.640094,9.055,0.0123881 , 0.0123881 , 0
-0.640094,9.145,0.0120209 , 0.0120209 , 0
-0.640094,9.235,0.0116679 , 0.0116679 , 0
-0.640094,9.325,0.0113285 , 0.0113285 , 0
-0.640094,9.415,0.0110021 , 0.0110021 , 0
-0.640094,9.505,0.0106883 , 0.0106883 , 0
-0.640094,9.595,0.0103864 , 0.0103864 , 0
-0.640094,9.685,0.010096 , 0.010096 , 0
-0.640094,9.775,0.00981666 , 0.00981666 , 0
-0.640094,9.865,0.00954783 , 0.00954783 , 0
-0.640094,9.955,0.00928908 , 0.00928908 , 0
-0.63645,1.045,0.588487 , 0.588487 , 0
-0.63645,1.135,0.551942 , 0.551942 , 0
-0.63645,1.225,0.481882 , 0.481882 , 0
-0.63645,1.315,0.450209 , 0.450209 , 0
-0.63645,1.405,0.394268 , 0.394268 , 0
-0.63645,1.495,0.371986 , 0.371986 , 0
-0.63645,1.585,0.339225 , 0.339225 , 0
-0.63645,1.675,0.302256 , 0.302256 , 0
-0.63645,1.765,0.282444 , 0.282444 , 0
-0.63645,1.855,0.265975 , 0.265975 , 0
-0.63645,1.945,0.243999 , 0.243999 , 0
-0.63645,2.035,0.22146 , 0.22146 , 0
-0.63645,2.125,0.204362 , 0.204362 , 0
-0.63645,2.215,0.192849 , 0.192849 , 0
-0.63645,2.305,0.182994 , 0.182994 , 0
-0.63645,2.395,0.172423 , 0.172423 , 0
-0.63645,2.485,0.160795 , 0.160795 , 0
-0.63645,2.575,0.148735 , 0.148735 , 0
-0.63645,2.665,0.137673 , 0.137673 , 0
-0.63645,2.755,0.128454 , 0.128454 , 0
-0.63645,2.845,0.121011 , 0.121011 , 0
-0.63645,2.935,0.114835 , 0.114835 , 0
-0.63645,3.025,0.109654 , 0.109654 , 0
-0.63645,3.115,0.104935 , 0.104935 , 0
-0.63645,3.205,0.100239 , 0.100239 , 0
-0.63645,3.295,0.095385 , 0.095385 , 0
-0.63645,3.385,0.0904123 , 0.0904123 , 0
-0.63645,3.475,0.0853927 , 0.0853927 , 0
-0.63645,3.565,0.0804295 , 0.0804295 , 0
-0.63645,3.655,0.0755985 , 0.0755985 , 0
-0.63645,3.745,0.0711025 , 0.0711025 , 0
-0.63645,3.835,0.0670219 , 0.0670219 , 0
-0.63645,3.925,0.0634018 , 0.0634018 , 0
-0.63645,4.015,0.0602241 , 0.0602241 , 0
-0.63645,4.105,0.0574602 , 0.0574602 , 0
-0.63645,4.195,0.0551268 , 0.0551268 , 0
-0.63645,4.285,0.0531752 , 0.0531752 , 0
-0.63645,4.375,0.0515501 , 0.0515501 , 0
-0.63645,4.465,0.050195 , 0.050195 , 0
-0.63645,4.555,0.0489912 , 0.0489912 , 0
-0.63645,4.645,0.0479583 , 0.0479583 , 0
-0.63645,4.735,0.0470525 , 0.0470525 , 0
-0.63645,4.825,0.0462354 , 0.0462354 , 0
-0.63645,4.915,0.0454753 , 0.0454753 , 0
-0.63645,5.005,0.0447466 , 0.0447466 , 0
-0.63645,5.095,0.0440175 , 0.0440175 , 0
-0.63645,5.185,0.0432865 , 0.0432865 , 0
-0.63645,5.275,0.0425442 , 0.0425442 , 0
-0.63645,5.365,0.0417839 , 0.0417839 , 0
-0.63645,5.455,0.0410019 , 0.0410019 , 0
-0.63645,5.545,0.0401967 , 0.0401967 , 0
-0.63645,5.635,0.0393663 , 0.0393663 , 0
-0.63645,5.725,0.0384994 , 0.0384994 , 0
-0.63645,5.815,0.0376159 , 0.0376159 , 0
-0.63645,5.905,0.0367186 , 0.0367186 , 0
-0.63645,5.995,0.0358108 , 0.0358108 , 0
-0.63645,6.085,0.0348959 , 0.0348959 , 0
-0.63645,6.175,0.0339775 , 0.0339775 , 0
-0.63645,6.265,0.0330591 , 0.0330591 , 0
-0.63645,6.355,0.0321307 , 0.0321307 , 0
-0.63645,6.445,0.0311971 , 0.0311971 , 0
-0.63645,6.535,0.0302742 , 0.0302742 , 0
-0.63645,6.625,0.0293645 , 0.0293645 , 0
-0.63645,6.715,0.0284701 , 0.0284701 , 0
-0.63645,6.805,0.0275928 , 0.0275928 , 0
-0.63645,6.895,0.0267342 , 0.0267342 , 0
-0.63645,6.985,0.0258955 , 0.0258955 , 0
-0.63645,7.075,0.0250776 , 0.0250776 , 0
-0.63645,7.165,0.0242792 , 0.0242792 , 0
-0.63645,7.255,0.0235028 , 0.0235028 , 0
-0.63645,7.345,0.0227488 , 0.0227488 , 0
-0.63645,7.435,0.0220176 , 0.0220176 , 0
-0.63645,7.525,0.0213092 , 0.0213092 , 0
-0.63645,7.615,0.0206236 , 0.0206236 , 0
-0.63645,7.705,0.0199607 , 0.0199607 , 0
-0.63645,7.795,0.0193201 , 0.0193201 , 0
-0.63645,7.885,0.0187016 , 0.0187016 , 0
-0.63645,7.975,0.0181042 , 0.0181042 , 0
-0.63645,8.065,0.0175272 , 0.0175272 , 0
-0.63645,8.155,0.0169708 , 0.0169708 , 0
-0.63645,8.245,0.0164346 , 0.0164346 , 0
-0.63645,8.335,0.015918 , 0.015918 , 0
-0.63645,8.425,0.0154204 , 0.0154204 , 0
-0.63645,8.515,0.0149413 , 0.0149413 , 0
-0.63645,8.605,0.01448 , 0.01448 , 0
-0.63645,8.695,0.014036 , 0.014036 , 0
-0.63645,8.785,0.0136087 , 0.0136087 , 0
-0.63645,8.875,0.0131976 , 0.0131976 , 0
-0.63645,8.965,0.0128015 , 0.0128015 , 0
-0.63645,9.055,0.0124203 , 0.0124203 , 0
-0.63645,9.145,0.0120539 , 0.0120539 , 0
-0.63645,9.235,0.0117015 , 0.0117015 , 0
-0.63645,9.325,0.0113626 , 0.0113626 , 0
-0.63645,9.415,0.0110368 , 0.0110368 , 0
-0.63645,9.505,0.0107234 , 0.0107234 , 0
-0.63645,9.595,0.0104219 , 0.0104219 , 0
-0.63645,9.685,0.0101318 , 0.0101318 , 0
-0.63645,9.775,0.00985265 , 0.00985265 , 0
-0.63645,9.865,0.00958399 , 0.00958399 , 0
-0.63645,9.955,0.00932538 , 0.00932538 , 0
-0.632806,1.045,0.595038 , 0.595038 , 0
-0.632806,1.135,0.553847 , 0.553847 , 0
-0.632806,1.225,0.488685 , 0.488685 , 0
-0.632806,1.315,0.451997 , 0.451997 , 0
-0.632806,1.405,0.398157 , 0.398157 , 0
-0.632806,1.495,0.375686 , 0.375686 , 0
-0.632806,1.585,0.340493 , 0.340493 , 0
-0.632806,1.675,0.304646 , 0.304646 , 0
-0.632806,1.765,0.285508 , 0.285508 , 0
-0.632806,1.855,0.267888 , 0.267888 , 0
-0.632806,1.945,0.244995 , 0.244995 , 0
-0.632806,2.035,0.222619 , 0.222619 , 0
-0.632806,2.125,0.206045 , 0.206045 , 0
-0.632806,2.215,0.194686 , 0.194686 , 0
-0.632806,2.305,0.184519 , 0.184519 , 0
-0.632806,2.395,0.173467 , 0.173467 , 0
-0.632806,2.485,0.16148 , 0.16148 , 0
-0.632806,2.575,0.149291 , 0.149291 , 0
-0.632806,2.665,0.138283 , 0.138283 , 0
-0.632806,2.755,0.129195 , 0.129195 , 0
-0.632806,2.845,0.121867 , 0.121867 , 0
-0.632806,2.935,0.115739 , 0.115739 , 0
-0.632806,3.025,0.110527 , 0.110527 , 0
-0.632806,3.115,0.105715 , 0.105715 , 0
-0.632806,3.205,0.100894 , 0.100894 , 0
-0.632806,3.295,0.0959097 , 0.0959097 , 0
-0.632806,3.385,0.090823 , 0.090823 , 0
-0.632806,3.475,0.085717 , 0.085717 , 0
-0.632806,3.565,0.0806983 , 0.0806983 , 0
-0.632806,3.655,0.07584 , 0.07584 , 0
-0.632806,3.745,0.0713396 , 0.0713396 , 0
-0.632806,3.835,0.067271 , 0.067271 , 0
-0.632806,3.925,0.0636723 , 0.0636723 , 0
-0.632806,4.015,0.0605198 , 0.0605198 , 0
-0.632806,4.105,0.0577806 , 0.0577806 , 0
-0.632806,4.195,0.0554674 , 0.0554674 , 0
-0.632806,4.285,0.0535296 , 0.0535296 , 0
-0.632806,4.375,0.0519113 , 0.0519113 , 0
-0.632806,4.465,0.0505556 , 0.0505556 , 0
-0.632806,4.555,0.0493444 , 0.0493444 , 0
-0.632806,4.645,0.0482982 , 0.0482982 , 0
-0.632806,4.735,0.0473743 , 0.0473743 , 0
-0.632806,4.825,0.0465355 , 0.0465355 , 0
-0.632806,4.915,0.0457511 , 0.0457511 , 0
-0.632806,5.005,0.0449966 , 0.0449966 , 0
-0.632806,5.095,0.044241 , 0.044241 , 0
-0.632806,5.185,0.0434837 , 0.0434837 , 0
-0.632806,5.275,0.0427159 , 0.0427159 , 0
-0.632806,5.365,0.0419314 , 0.0419314 , 0
-0.632806,5.455,0.0411268 , 0.0411268 , 0
-0.632806,5.545,0.0403008 , 0.0403008 , 0
-0.632806,5.635,0.0394516 , 0.0394516 , 0
-0.632806,5.725,0.0385685 , 0.0385685 , 0
-0.632806,5.815,0.0376706 , 0.0376706 , 0
-0.632806,5.905,0.0367608 , 0.0367608 , 0
-0.632806,5.995,0.0358422 , 0.0358422 , 0
-0.632806,6.085,0.0349183 , 0.0349183 , 0
-0.632806,6.175,0.0339924 , 0.0339924 , 0
-0.632806,6.265,0.0330678 , 0.0330678 , 0
-0.632806,6.355,0.0321345 , 0.0321345 , 0
-0.632806,6.445,0.031197 , 0.031197 , 0
-0.632806,6.535,0.0302713 , 0.0302713 , 0
-0.632806,6.625,0.0293597 , 0.0293597 , 0
-0.632806,6.715,0.0284642 , 0.0284642 , 0
-0.632806,6.805,0.0275865 , 0.0275865 , 0
-0.632806,6.895,0.026728 , 0.026728 , 0
-0.632806,6.985,0.0258899 , 0.0258899 , 0
-0.632806,7.075,0.0250731 , 0.0250731 , 0
-0.632806,7.165,0.0242759 , 0.0242759 , 0
-0.632806,7.255,0.023501 , 0.023501 , 0
-0.632806,7.345,0.0227488 , 0.0227488 , 0
-0.632806,7.435,0.0220195 , 0.0220195 , 0
-0.632806,7.525,0.0213131 , 0.0213131 , 0
-0.632806,7.615,0.0206296 , 0.0206296 , 0
-0.632806,7.705,0.0199687 , 0.0199687 , 0
-0.632806,7.795,0.0193303 , 0.0193303 , 0
-0.632806,7.885,0.0187138 , 0.0187138 , 0
-0.632806,7.975,0.0181186 , 0.0181186 , 0
-0.632806,8.065,0.0175436 , 0.0175436 , 0
-0.632806,8.155,0.0169892 , 0.0169892 , 0
-0.632806,8.245,0.0164548 , 0.0164548 , 0
-0.632806,8.335,0.01594 , 0.01594 , 0
-0.632806,8.425,0.0154441 , 0.0154441 , 0
-0.632806,8.515,0.0149666 , 0.0149666 , 0
-0.632806,8.605,0.0145068 , 0.0145068 , 0
-0.632806,8.695,0.0140643 , 0.0140643 , 0
-0.632806,8.785,0.0136383 , 0.0136383 , 0
-0.632806,8.875,0.0132283 , 0.0132283 , 0
-0.632806,8.965,0.0128332 , 0.0128332 , 0
-0.632806,9.055,0.0124529 , 0.0124529 , 0
-0.632806,9.145,0.0120871 , 0.0120871 , 0
-0.632806,9.235,0.0117354 , 0.0117354 , 0
-0.632806,9.325,0.0113972 , 0.0113972 , 0
-0.632806,9.415,0.0110718 , 0.0110718 , 0
-0.632806,9.505,0.0107588 , 0.0107588 , 0
-0.632806,9.595,0.0104577 , 0.0104577 , 0
-0.632806,9.685,0.0101679 , 0.0101679 , 0
-0.632806,9.775,0.00988898 , 0.00988898 , 0
-0.632806,9.865,0.00962051 , 0.00962051 , 0
-0.632806,9.955,0.00936201 , 0.00936201 , 0
-0.629162,1.045,0.602753 , 0.602753 , 0
-0.629162,1.135,0.555511 , 0.555511 , 0
-0.629162,1.225,0.495559 , 0.495559 , 0
-0.629162,1.315,0.453602 , 0.453602 , 0
-0.629162,1.405,0.402431 , 0.402431 , 0
-0.629162,1.495,0.379062 , 0.379062 , 0
-0.629162,1.585,0.341787 , 0.341787 , 0
-0.629162,1.675,0.307265 , 0.307265 , 0
-0.629162,1.765,0.288524 , 0.288524 , 0
-0.629162,1.855,0.269649 , 0.269649 , 0
-0.629162,1.945,0.245981 , 0.245981 , 0
-0.629162,2.035,0.223888 , 0.223888 , 0
-0.629162,2.125,0.207818 , 0.207818 , 0
-0.629162,2.215,0.196527 , 0.196527 , 0
-0.629162,2.305,0.185987 , 0.185987 , 0
-0.629162,2.395,0.174449 , 0.174449 , 0
-0.629162,2.485,0.162133 , 0.162133 , 0
-0.629162,2.575,0.149854 , 0.149854 , 0
-0.629162,2.665,0.138927 , 0.138927 , 0
-0.629162,2.755,0.129977 , 0.129977 , 0
-0.629162,2.845,0.122756 , 0.122756 , 0
-0.629162,2.935,0.11666 , 0.11666 , 0
-0.629162,3.025,0.111401 , 0.111401 , 0
-0.629162,3.115,0.106485 , 0.106485 , 0
-0.629162,3.205,0.101533 , 0.101533 , 0
-0.629162,3.295,0.0964171 , 0.0964171 , 0
-0.629162,3.385,0.0912189 , 0.0912189 , 0
-0.629162,3.475,0.0860312 , 0.0860312 , 0
-0.629162,3.565,0.0809626 , 0.0809626 , 0
-0.629162,3.655,0.076082 , 0.076082 , 0
-0.629162,3.745,0.0715816 , 0.0715816 , 0
-0.629162,3.835,0.067528 , 0.067528 , 0
-0.629162,3.925,0.0639523 , 0.0639523 , 0
-0.629162,4.015,0.0608255 , 0.0608255 , 0
-0.629162,4.105,0.0581104 , 0.0581104 , 0
-0.629162,4.195,0.0558163 , 0.0558163 , 0
-0.629162,4.285,0.0538907 , 0.0538907 , 0
-0.629162,4.375,0.0522772 , 0.0522772 , 0
-0.629162,4.465,0.0509189 , 0.0509189 , 0
-0.629162,4.555,0.0496983 , 0.0496983 , 0
-0.629162,4.645,0.0486369 , 0.0486369 , 0
-0.629162,4.735,0.0476934 , 0.0476934 , 0
-0.629162,4.825,0.0468314 , 0.0468314 , 0
-0.629162,4.915,0.0460216 , 0.0460216 , 0
-0.629162,5.005,0.0452405 , 0.0452405 , 0
-0.629162,5.095,0.0444578 , 0.0444578 , 0
-0.629162,5.185,0.0436737 , 0.0436737 , 0
-0.629162,5.275,0.0428802 , 0.0428802 , 0
-0.629162,5.365,0.0420715 , 0.0420715 , 0
-0.629162,5.455,0.0412443 , 0.0412443 , 0
-0.629162,5.545,0.0403976 , 0.0403976 , 0
-0.629162,5.635,0.0395299 , 0.0395299 , 0
-0.629162,5.725,0.0386309 , 0.0386309 , 0
-0.629162,5.815,0.037719 , 0.037719 , 0
-0.629162,5.905,0.0367971 , 0.0367971 , 0
-0.629162,5.995,0.0358682 , 0.0358682 , 0
-0.629162,6.085,0.0349356 , 0.0349356 , 0
-0.629162,6.175,0.0340026 , 0.0340026 , 0
-0.629162,6.265,0.0330724 , 0.0330724 , 0
-0.629162,6.355,0.0321345 , 0.0321345 , 0
-0.629162,6.445,0.0311936 , 0.0311936 , 0
-0.629162,6.535,0.0302654 , 0.0302654 , 0
-0.629162,6.625,0.0293522 , 0.0293522 , 0
-0.629162,6.715,0.0284559 , 0.0284559 , 0
-0.629162,6.805,0.0275781 , 0.0275781 , 0
-0.629162,6.895,0.02672 , 0.02672 , 0
-0.629162,6.985,0.0258828 , 0.0258828 , 0
-0.629162,7.075,0.0250673 , 0.0250673 , 0
-0.629162,7.165,0.0242716 , 0.0242716 , 0
-0.629162,7.255,0.0234984 , 0.0234984 , 0
-0.629162,7.345,0.0227481 , 0.0227481 , 0
-0.629162,7.435,0.0220208 , 0.0220208 , 0
-0.629162,7.525,0.0213166 , 0.0213166 , 0
-0.629162,7.615,0.0206352 , 0.0206352 , 0
-0.629162,7.705,0.0199766 , 0.0199766 , 0
-0.629162,7.795,0.0193403 , 0.0193403 , 0
-0.629162,7.885,0.0187261 , 0.0187261 , 0
-0.629162,7.975,0.018133 , 0.018133 , 0
-0.629162,8.065,0.0175601 , 0.0175601 , 0
-0.629162,8.155,0.0170077 , 0.0170077 , 0
-0.629162,8.245,0.0164753 , 0.0164753 , 0
-0.629162,8.335,0.0159623 , 0.0159623 , 0
-0.629162,8.425,0.0154681 , 0.0154681 , 0
-0.629162,8.515,0.0149922 , 0.0149922 , 0
-0.629162,8.605,0.014534 , 0.014534 , 0
-0.629162,8.695,0.0140928 , 0.0140928 , 0
-0.629162,8.785,0.0136682 , 0.0136682 , 0
-0.629162,8.875,0.0132594 , 0.0132594 , 0
-0.629162,8.965,0.0128653 , 0.0128653 , 0
-0.629162,9.055,0.0124858 , 0.0124858 , 0
-0.629162,9.145,0.0121208 , 0.0121208 , 0
-0.629162,9.235,0.0117698 , 0.0117698 , 0
-0.629162,9.325,0.0114321 , 0.0114321 , 0
-0.629162,9.415,0.0111072 , 0.0111072 , 0
-0.629162,9.505,0.0107947 , 0.0107947 , 0
-0.629162,9.595,0.0104939 , 0.0104939 , 0
-0.629162,9.685,0.0102044 , 0.0102044 , 0
-0.629162,9.775,0.00992572 , 0.00992572 , 0
-0.629162,9.865,0.00965742 , 0.00965742 , 0
-0.629162,9.955,0.00939903 , 0.00939903 , 0
-0.625518,1.045,0.61136 , 0.61136 , 0
-0.625518,1.135,0.557213 , 0.557213 , 0
-0.625518,1.225,0.502297 , 0.502297 , 0
-0.625518,1.315,0.455173 , 0.455173 , 0
-0.625518,1.405,0.407015 , 0.407015 , 0
-0.625518,1.495,0.382094 , 0.382094 , 0
-0.625518,1.585,0.343166 , 0.343166 , 0
-0.625518,1.675,0.310096 , 0.310096 , 0
-0.625518,1.765,0.291458 , 0.291458 , 0
-0.625518,1.855,0.271265 , 0.271265 , 0
-0.625518,1.945,0.246985 , 0.246985 , 0
-0.625518,2.035,0.225274 , 0.225274 , 0
-0.625518,2.125,0.20967 , 0.20967 , 0
-0.625518,2.215,0.198358 , 0.198358 , 0
-0.625518,2.305,0.18739 , 0.18739 , 0
-0.625518,2.395,0.175369 , 0.175369 , 0
-0.625518,2.485,0.162762 , 0.162762 , 0
-0.625518,2.575,0.150431 , 0.150431 , 0
-0.625518,2.665,0.139607 , 0.139607 , 0
-0.625518,2.755,0.1308 , 0.1308 , 0
-0.625518,2.845,0.123676 , 0.123676 , 0
-0.625518,2.935,0.117596 , 0.117596 , 0
-0.625518,3.025,0.112275 , 0.112275 , 0
-0.625518,3.115,0.107244 , 0.107244 , 0
-0.625518,3.205,0.102155 , 0.102155 , 0
-0.625518,3.295,0.0969072 , 0.0969072 , 0
-0.625518,3.385,0.0916006 , 0.0916006 , 0
-0.625518,3.475,0.0863365 , 0.0863365 , 0
-0.625518,3.565,0.0812237 , 0.0812237 , 0
-0.625518,3.655,0.076326 , 0.076326 , 0
-0.625518,3.745,0.0718297 , 0.0718297 , 0
-0.625518,3.835,0.0677937 , 0.0677937 , 0
-0.625518,3.925,0.0642424 , 0.0642424 , 0
-0.625518,4.015,0.0611414 , 0.0611414 , 0
-0.625518,4.105,0.0584497 , 0.0584497 , 0
-0.625518,4.195,0.0561731 , 0.0561731 , 0
-0.625518,4.285,0.0542579 , 0.0542579 , 0
-0.625518,4.375,0.0526469 , 0.0526469 , 0
-0.625518,4.465,0.0512839 , 0.0512839 , 0
-0.625518,4.555,0.0500518 , 0.0500518 , 0
-0.625518,4.645,0.0489734 , 0.0489734 , 0
-0.625518,4.735,0.0480085 , 0.0480085 , 0
-0.625518,4.825,0.0471221 , 0.0471221 , 0
-0.625518,4.915,0.0462858 , 0.0462858 , 0
-0.625518,5.005,0.0454772 , 0.0454772 , 0
-0.625518,5.095,0.0446667 , 0.0446667 , 0
-0.625518,5.185,0.0438556 , 0.0438556 , 0
-0.625518,5.275,0.0430363 , 0.0430363 , 0
-0.625518,5.365,0.0422033 , 0.0422033 , 0
-0.625518,5.455,0.0413537 , 0.0413537 , 0
-0.625518,5.545,0.0404867 , 0.0404867 , 0
-0.625518,5.635,0.0396007 , 0.0396007 , 0
-0.625518,5.725,0.0386862 , 0.0386862 , 0
-0.625518,5.815,0.0377608 , 0.0377608 , 0
-0.625518,5.905,0.0368272 , 0.0368272 , 0
-0.625518,5.995,0.0358885 , 0.0358885 , 0
-0.625518,6.085,0.0349477 , 0.0349477 , 0
-0.625518,6.175,0.0340081 , 0.0340081 , 0
-0.625518,6.265,0.0330726 , 0.0330726 , 0
-0.625518,6.355,0.0321307 , 0.0321307 , 0
-0.625518,6.445,0.0311867 , 0.0311867 , 0
-0.625518,6.535,0.0302564 , 0.0302564 , 0
-0.625518,6.625,0.0293421 , 0.0293421 , 0
-0.625518,6.715,0.0284453 , 0.0284453 , 0
-0.625518,6.805,0.0275677 , 0.0275677 , 0
-0.625518,6.895,0.0267103 , 0.0267103 , 0
-0.625518,6.985,0.0258743 , 0.0258743 , 0
-0.625518,7.075,0.0250603 , 0.0250603 , 0
-0.625518,7.165,0.0242663 , 0.0242663 , 0
-0.625518,7.255,0.023495 , 0.023495 , 0
-0.625518,7.345,0.0227467 , 0.0227467 , 0
-0.625518,7.435,0.0220217 , 0.0220217 , 0
-0.625518,7.525,0.0213197 , 0.0213197 , 0
-0.625518,7.615,0.0206407 , 0.0206407 , 0
-0.625518,7.705,0.0199843 , 0.0199843 , 0
-0.625518,7.795,0.0193504 , 0.0193504 , 0
-0.625518,7.885,0.0187384 , 0.0187384 , 0
-0.625518,7.975,0.0181475 , 0.0181475 , 0
-0.625518,8.065,0.0175768 , 0.0175768 , 0
-0.625518,8.155,0.0170265 , 0.0170265 , 0
-0.625518,8.245,0.016496 , 0.016496 , 0
-0.625518,8.335,0.0159849 , 0.0159849 , 0
-0.625518,8.425,0.0154925 , 0.0154925 , 0
-0.625518,8.515,0.0150183 , 0.0150183 , 0
-0.625518,8.605,0.0145616 , 0.0145616 , 0
-0.625518,8.695,0.0141219 , 0.0141219 , 0
-0.625518,8.785,0.0136986 , 0.0136986 , 0
-0.625518,8.875,0.013291 , 0.013291 , 0
-0.625518,8.965,0.0128979 , 0.0128979 , 0
-0.625518,9.055,0.0125193 , 0.0125193 , 0
-0.625518,9.145,0.012155 , 0.012155 , 0
-0.625518,9.235,0.0118046 , 0.0118046 , 0
-0.625518,9.325,0.0114675 , 0.0114675 , 0
-0.625518,9.415,0.0111432 , 0.0111432 , 0
-0.625518,9.505,0.010831 , 0.010831 , 0
-0.625518,9.595,0.0105306 , 0.0105306 , 0
-0.625518,9.685,0.0102414 , 0.0102414 , 0
-0.625518,9.775,0.00996295 , 0.00996295 , 0
-0.625518,9.865,0.00969481 , 0.00969481 , 0
-0.625518,9.955,0.00943654 , 0.00943654 , 0
